# Project Zomboid Skinned Mesh
# File Version:
1.0
# Model Name:
Cube.001
# Vertex Stride Element Count:
3
# Vertex Stride Size (in bytes):
76
# Vertex Stride Data:
# (Int)    Offset
# (String) Type
0
VertexArray
12
NormalArray
24
TextureCoordArray
# Vertex Count:
821
# Vertex Buffer:
0.00644566, 0.06894968, 0.03888129
-0.01770074, 0.91351056, 0.40641499
0.51869184, 0.14774776
-0.00631353, 0.06158524, 0.0593541
-0.01446577, 0.96349984, 0.2672506
0.4957366, 0.18701905
0.00595857, 0.06168066, 0.05967494
-0.01446577, 0.96349984, 0.2672506
0.51869184, 0.18701905
-0.00631353, 0.06158524, 0.0593541
-0.99960327, -0.0077517, -0.02612384
0.03093836, 0.34125245
-0.00547484, 0.04805562, 0.03129792
-0.99960327, -0.0077517, -0.02612384
0.08722669, 0.32625145
-0.00596194, 0.04078659, 0.05209157
-0.99960327, -0.0077517, -0.02612384
0.05156343, 0.30567741
-0.00596194, 0.04078659, 0.05209157
0.01651051, -0.93493456, -0.35441145
0.63584572, 0.24448329
0.00679725, 0.04815104, 0.03161876
0.01449629, -0.96316415, -0.26850185
0.61289048, 0.21222401
0.00631016, 0.04088202, 0.05241241
0.01651051, -0.93490404, -0.35441145
0.61289048, 0.24448329
-0.00582643, 0.06885426, 0.03856046
-0.99960327, -0.0077517, -0.02612384
0.06660162, 0.36182648
-0.00534133, 0.04920632, 0.02584883
-0.99960327, -0.0077517, -0.02612384
0.09683644, 0.33026111
0.00622034, 0.03927755, 0.05632529
0.01229896, -0.98391676, -0.17810602
0.61289048, 0.25040984
-0.00618821, 0.03933929, 0.06117721
0.00094607, -0.96792507, 0.25110629
0.63584572, 0.25963014
-0.00605176, 0.03918213, 0.05600445
0.01229896, -0.98391676, -0.17810602
0.63584572, 0.25040984
-0.00605176, 0.03918213, 0.05600445
-0.99960327, -0.0077517, -0.02612384
0.04493526, 0.30137235
-0.00640947, 0.06076953, 0.06326678
-0.99960327, -0.0077517, -0.02612384
0.02403447, 0.33839267
0.00586262, 0.06086495, 0.06358761
-0.01635792, 0.93749809, 0.34757531
0.51869184, 0.19437063
-0.00640947, 0.06076953, 0.06326678
-0.01635792, 0.93749809, 0.34757531
0.4957366, 0.19437063
0.00579096, 0.05905013, 0.06686847
-0.01944029, 0.87505722, 0.4835963
0.51869184, 0.2006129
-0.00618821, 0.03933929, 0.06117721
-0.99960327, -0.0077517, -0.02612384
0.03537545, 0.29985547
-0.00648114, 0.0589547, 0.06654764
-0.99960327, -0.0077517, -0.02612384
0.01864126, 0.33392268
0.00596876, 0.04140835, 0.06531446
-0.01773125, -0.54222238, 0.84002197
0.97629601, 0.83590314
-0.00638017, 0.04443181, 0.06700524
-0.02172918, -0.35148168, 0.93591112
0.95334077, 0.83011907
-0.00630333, 0.04131293, 0.06499363
-0.01773125, -0.54222238, 0.84002197
0.95334077, 0.83590314
-0.00647135, 0.05493365, 0.0673693
-0.99960327, -0.0077517, -0.02612384
0.01853902, 0.32626826
0.00608388, 0.03943472, 0.06149804
0.00094607, -0.96792507, 0.25110629
0.61289048, 0.25963014
-0.00630333, 0.04131293, 0.06499363
-0.00509659, -0.88830227, 0.45921201
0.63584572, 0.26756263
-0.00648114, 0.0589547, 0.06654764
-0.02713095, 0.20004883, 0.97939998
0.95334077, 0.8030237
0.00580074, 0.05502908, 0.06769013
-0.02691733, 0.13238929, 0.99081391
0.97629601, 0.81053725
0.00579096, 0.05905013, 0.06686847
-0.02713095, 0.20004883, 0.97939998
0.97629601, 0.8030237
0.0058346, 0.04947159, 0.06804813
-0.02578814, -0.04052858, 0.99884027
0.97629601, 0.82090889
-0.0064375, 0.04937616, 0.0677273
-0.02578814, -0.04052858, 0.99884027
0.95334077, 0.82090889
-0.00647135, 0.05493365, 0.0673693
-0.02691733, 0.13238929, 0.99081391
0.95334077, 0.81053725
-0.00630333, 0.04131293, 0.06499363
-0.99960327, -0.0077517, -0.02612384
0.02767204, 0.30214012
-0.0064375, 0.04937616, 0.0677273
-0.99960327, -0.0077517, -0.02612384
0.01982653, 0.31596047
-0.00547484, 0.04805562, 0.03129792
0.01449629, -0.96316415, -0.26850185
0.63584572, 0.21222401
0.00693076, 0.04930174, 0.02616966
0.00549333, -0.99630725, 0.08554338
0.61289048, 0.20331162
-0.00561817, 0.07407469, 0.0290416
-0.01882992, 0.88949245, 0.45652637
0.4957366, 0.12963986
-0.00582643, 0.06885426, 0.03856046
-0.01770074, 0.91351056, 0.40641499
0.4957366, 0.14774776
-0.00523107, 0.04770389, 0.02207813
-6.104e-05, -0.95779288, 0.28736228
0.63584572, 0.19574642
0.00716703, 0.0468608, 0.01785835
0.00469985, -0.99337751, 0.11453597
0.61289048, 0.18716598
0.00704102, 0.04779932, 0.02239897
-6.104e-05, -0.95779288, 0.28736228
0.61289048, 0.19574642
-0.00553365, 0.07588503, 0.02527004
-0.99960327, -0.0077517, -0.02612384
0.0885613, 0.37934601
-0.00523107, 0.04770389, 0.02207813
-0.99960327, -0.0077517, -0.02612384
0.1042909, 0.32882386
-0.00534133, 0.04920632, 0.02584883
0.00549333, -0.99630725, 0.08554338
0.63584572, 0.20331162
0.00665392, 0.07417012, 0.02936243
-0.01882992, 0.88949245, 0.45652637
0.51869184, 0.12963986
-0.00553365, 0.07588503, 0.02527004
-0.01831111, 0.9015168, 0.4322947
0.4957366, 0.12248296
-0.00549214, 0.07977377, 0.02252595
0.00039674, 0.95413065, -0.29929501
0.91570508, 0.0648635
0.00661693, 0.08346146, 0.02801394
0.00851466, 0.82116151, -0.57060456
0.93866026, 0.07425058
0.00677995, 0.0798692, 0.02284679
0.00039674, 0.95413065, -0.29929501
0.93866026, 0.0648635
-0.00510507, 0.04676537, 0.01753751
-0.99960327, -0.0077517, -0.02612384
0.11296267, 0.3286885
-0.00422362, 0.07975202, -0.02598932
0.02612384, -0.00225837, -0.99963379
0.63656121, 0.47093362
0.00823342, 0.05571375, -0.02556486
0.02713095, -0.37846005, -0.92519915
0.61360604, 0.51590943
-0.00403868, 0.05561832, -0.0258857
0.02713095, -0.3764458, -0.92602313
0.63656121, 0.51590943
-0.00451642, 0.07975619, -0.01479091
-0.99960327, -0.0077517, -0.02612384
0.16081704, 0.40041679
-0.00403868, 0.05561832, -0.0258857
-0.99960327, -0.0077517, -0.02612384
0.18965262, 0.36006045
-0.00432266, 0.03935931, -0.0101875
-0.99960327, -0.0077517, -0.02612384
0.16649897, 0.32479209
-0.00432266, 0.03935931, -0.0101875
0.02417066, -0.6946013, -0.71895504
0.63656121, 0.54755929
0.00833197, 0.03945771, -0.00985666
0.02417066, -0.6946013, -0.71895504
0.61289048, 0.54755926
-0.00510507, 0.04676537, 0.01753751
0.00469985, -0.99337751, 0.11453597
0.63584572, 0.18716598
0.00729717, 0.04673466, 0.01291795
0.00708029, -0.99963379, 0.02569658
0.61289048, 0.17837441
-0.0052181, 0.07976877, 0.01204512
-0.99960327, -0.0077517, -0.02612384
0.11150224, 0.39107645
-0.00497493, 0.04663923, 0.01259712
-0.99960327, -0.0077517, -0.02612384
0.12208464, 0.33018112
0.00705399, 0.07986419, 0.01236595
-0.00772118, 0.99996948, -0.00094607
0.93866026, 0.04532176
-0.0052181, 0.07976877, 0.01204512
-0.00772118, 0.99996948, -0.00091556
0.91570508, 0.04532176
-0.00497493, 0.04663923, 0.01259712
-0.02145451, -0.36591694, 0.93038726
0.16977672, 0.01963031
0.0073388, 0.04442788, 0.01201164
-0.02203436, -0.33408612, 0.94225895
0.1654785, 0.04252875
0.00729717, 0.04673466, 0.01291795
-0.02145451, -0.36591694, 0.93038726
0.16977672, 0.04252875
-0.00515753, 0.0797664, 0.00972877
-0.99960327, -0.0077517, -0.02612384
0.11575928, 0.39188033
-0.0049333, 0.04433245, 0.01169081
-0.99960327, -0.0077517, -0.02612384
0.12455744, 0.3262707
-0.00515753, 0.0797664, 0.00972877
-0.00772118, 0.99996948, -0.00091556
0.91570508, 0.04100299
-0.00489627, 0.04203751, 0.01095692
-0.02249214, -0.30481887, 0.95211643
0.16119955, 0.01963031
0.00775473, 0.04213588, 0.01128766
-0.02249214, -0.30481887, 0.95211643
0.16119955, 0.04323578
-0.00507899, 0.07976515, 0.00672505
-0.99960327, -0.0077517, -0.02612384
0.12127898, 0.39292604
-0.00489627, 0.04203751, 0.01095692
-0.99960327, -0.0077517, -0.02612384
0.12670925, 0.32232177
0.0071931, 0.07986057, 0.00704588
-0.0077517, 0.99996948, -0.00061037
0.93866026, 0.03540248
-0.00507899, 0.07976515, 0.00672505
-0.0077517, 0.99996948, -0.00061037
0.91570508, 0.03540248
-0.00432266, 0.03935931, -0.0101875
0.0270394, -0.16144292, -0.9864803
0.8187722, 0.61050019
0.0080844, 0.0008337, -0.00354221
0.0258797, 0.02627644, -0.9992981
0.79581696, 0.68300658
-0.00418769, 0.00073827, -0.00386305
0.02591021, 0.02627644, -0.9992981
0.8187722, 0.68300655
-0.00456403, 0.04055293, -0.00130983
-0.99960327, -0.0077517, -0.02612384
0.14976871, 0.32388163
-0.00464107, 0.07975818, -0.01002371
-0.99960327, -0.0077517, -0.02612384
0.15205675, 0.3987571
-0.00444148, 0.03994693, -0.00581708
-0.99960327, -0.0077517, -0.02612384
0.15826276, 0.32434386
-0.00528955, 0.15505773, -0.00761463
-0.99960327, -0.0077517, -0.02612384
0.12127224, 0.5358867
-0.00546154, 0.16894241, -0.00516546
-0.99960327, -0.0077517, -0.02612384
0.11191177, 0.56047282
-0.00539727, 0.16894138, -0.00762369
-0.99960327, -0.0077517, -0.02612384
0.11642905, 0.56132868
0.00737583, 0.04213294, 0.01127775
0.02722251, -0.33579516, -0.94152653
0.8784439, 0.56035018
-0.00508241, -0.0782285, 0.05384693
0.02722251, -0.33579516, -0.94152653
0.85548866, 0.33256239
-0.00489627, 0.04203751, 0.01095692
0.02722251, -0.33579516, -0.94152653
0.85548866, 0.56035018
0.0080906, 0.04065133, -0.000979
0.02716147, -0.20715964, -0.97790462
0.79510146, 0.74746493
0.00798613, -0.08374022, 0.02537085
0.02716147, -0.20715964, -0.97790462
0.79581696, 0.9815068
0.00770806, 0.04064836, -0.000989
0.02716147, -0.20715964, -0.97790462
0.79581696, 0.74746493
-0.00428596, -0.08383563, 0.02505002
0.02716147, -0.20715964, -0.97790462
0.8187722, 0.98150682
-0.00456403, 0.04055293, -0.00130983
0.02716147, -0.20715964, -0.97790462
0.8187722, 0.74746493
-0.00456403, 0.04055293, -0.00130983
0.0, 0.0, 1.0
0.0, 1.0
-0.00428596, -0.08383563, 0.02505002
0.0, 0.0, 0.99996948
0.0, 1.0
-0.00418769, 0.00073827, -0.00386305
0.0, 0.0, 1.0
0.0, 1.0
-0.00398704, -0.01415631, -0.00710822
0.0, 0.0, 1.0
0.0, 1.0
0.00828505, -0.01406088, -0.00678739
0.02386547, 0.21311074, -0.97671437
0.79581696, 0.71047857
-0.00398704, -0.01415631, -0.00710822
0.02386547, 0.21311074, -0.97671437
0.8187722, 0.7104786
-0.00428596, -0.08383563, 0.02505002
-0.99960327, -0.0077517, -0.02612384
0.14487436, 0.08676922
-0.00490975, -0.0829173, 0.04863704
-0.99960327, -0.0077517, -0.02612384
0.10121243, 0.08022207
-0.00508241, -0.0782285, 0.05384693
-0.99960327, -0.0077517, -0.02612384
0.08999814, 0.08699554
-0.00508241, -0.0782285, 0.05384693
0.01168859, 0.74343091, -0.66869104
0.1147069, 0.01962358
0.00736235, -0.08282188, 0.04895787
0.01168859, 0.74343091, -0.66869104
0.12412151, 0.04252201
-0.00490975, -0.0829173, 0.04863704
0.01168859, 0.74343091, -0.66869104
0.12412151, 0.01962358
0.00836866, -0.08373724, 0.02538085
-0.00476089, 0.99349958, -0.11371197
0.91659909, 0.66619685
0.00863086, -0.08646742, 0.00152088
-0.00473037, 0.99349958, -0.11371197
0.91731459, 0.7104786
0.00798613, -0.08374022, 0.02537085
-0.00473037, 0.99349958, -0.11371197
0.91731459, 0.66619685
-0.00364124, -0.08656283, 0.00120004
-0.00473037, 0.99349958, -0.11371197
0.94026983, 0.7104786
-0.00428596, -0.08383563, 0.02505002
-0.00473037, 0.99349958, -0.11371197
0.94026983, 0.66619685
-0.00432266, 0.03935931, -0.0101875
0.0, 0.0, 1.0
0.0, 1.0
-0.00418769, 0.00073827, -0.00386305
-0.99960327, -0.0077517, -0.02612384
0.16839693, 0.25182068
-0.00423607, -0.04089692, 0.01037066
-0.99960327, -0.0077517, -0.02612384
0.1568169, 0.17056692
0.00827789, 0.03945729, -0.00985808
0.02700888, -0.16144292, -0.9864803
0.79520261, 0.61050019
0.00794944, 0.03945474, -0.00986666
0.02700888, -0.16144292, -0.9864803
0.79581696, 0.61050019
0.00827789, 0.03945729, -0.00985808
0.02716147, -0.16144292, -0.9864803
0.91580623, 0.29557604
0.00807092, 0.00083359, -0.00354257
-0.0258797, -0.02691733, 0.9992981
0.91644579, 0.22343636
0.00846693, 0.00083667, -0.00353222
-0.02591021, -0.02636799, 0.9992981
0.91570508, 0.22343636
-0.00489627, 0.04203751, 0.01095692
0.0, 0.0, 1.0
0.0, 1.0
-0.00508241, -0.0782285, 0.05384693
0.0, 0.0, 1.0
0.0, 1.0
0.00737583, 0.04213294, 0.01127775
-0.0270394, 0.33582568, 0.94152653
0.91623753, 0.98150684
0.00717621, -0.07813318, 0.05416742
-0.02713095, 0.33582568, 0.94152653
0.91626275, 0.75648057
0.00718968, -0.07813308, 0.05416777
-0.02713095, 0.33582568, 0.94152653
0.91623753, 0.75648057
0.00736235, 0.04213283, 0.0112774
0.02722251, -0.33579516, -0.94152653
0.91625589, 0.33256239
0.00756858, -0.07813013, 0.05417767
0.02719199, -0.33579516, -0.94152653
0.91552192, 0.56035015
0.00717621, -0.07813318, 0.05416742
0.02719199, -0.33579516, -0.94152653
0.91625583, 0.56035018
0.00734887, -0.08282198, 0.04895752
0.00573748, -0.99700916, 0.07675405
0.85659099, 0.7104786
-0.00364124, -0.08656283, 0.00120004
0.00573748, -0.99700916, 0.07675405
0.87952101, 0.62458265
0.00901339, -0.08646443, 0.00153088
0.00573748, -0.99700916, 0.07675405
0.85585028, 0.62458265
-0.00381681, -0.04980158, -0.00301812
0.02682577, -0.11380352, -0.99313331
0.75769734, 0.21769023
0.00827158, -0.01406099, -0.00678774
0.02682577, -0.11380352, -0.99313331
0.73476732, 0.15092134
0.00845529, -0.04970615, -0.00269728
0.02682577, -0.11380352, -0.99313331
0.73474211, 0.21769023
0.00827158, -0.01406099, -0.00678774
0.46812341, -0.79577011, -0.38413647
0.0, 1.0
0.00866758, -0.01405791, -0.00677738
0.48551896, -0.78746909, -0.37961975
0.0, 1.0
0.00734887, -0.08282198, 0.04895752
-0.01559496, -0.01998962, 0.99966431
0.29147995, 0.04323125
-0.00490975, -0.0829173, 0.04863704
0.0, 0.0, 1.0
0.29147997, 0.04323578
0.00774488, -0.08281891, 0.04896787
0.08023316, -0.85799736, 0.5073092
0.29147997, 0.04323113
0.00774488, -0.08281891, 0.04896787
0.08023316, -0.85799736, 0.5073092
0.0, 1.0
-0.00490975, -0.0829173, 0.04863704
0.0, 0.0, 1.0
0.0, 1.0
0.00736235, -0.08282188, 0.04895787
0.01162755, -0.10101627, -0.99481183
0.0, 1.0
0.00901339, -0.08646443, 0.00153088
0.10364085, -0.99444562, 0.01757866
0.0, 1.0
-0.00364124, -0.08656283, 0.00120004
0.0, 0.0, 1.0
0.0, 1.0
0.00863086, -0.08646742, 0.00152088
-0.19000824, 0.98174995, 0.0
0.0, 1.0
0.00866758, -0.01405791, -0.00677738
0.02389599, 0.21311074, -0.97671437
0.79510146, 0.7104786
0.00827158, -0.01406099, -0.00678774
-0.02386547, -0.21311074, 0.97671437
0.91644579, 0.19570887
0.00866758, -0.01405791, -0.00677738
-0.02389599, -0.21311074, 0.97671437
0.91570508, 0.19570887
-0.00398704, -0.01415631, -0.00710822
-0.99960327, -0.0077517, -0.02612384
0.17957355, 0.22566187
-0.00381681, -0.04980158, -0.00301812
-0.99960327, -0.0077517, -0.02612384
0.18453538, 0.15892255
0.00718968, -0.07813308, 0.05416777
0.00796533, 0.50688195, 0.86196476
0.1147069, 0.04252201
0.00774488, -0.08281891, 0.04896787
0.01171911, 0.74343091, -0.66869104
0.12412151, 0.04323578
0.00717621, -0.07813318, 0.05416742
0.01165807, 0.74343091, -0.66869104
0.73445374, 0.59975433
0.00734887, -0.08282198, 0.04895752
-0.01171911, -0.74343091, 0.66869104
0.73445374, 0.61179614
0.00774488, -0.08281891, 0.04896787
-0.01168859, -0.74343091, 0.66869104
0.7351945, 0.61179614
-0.00491643, 0.1690478, -0.02604757
0.00625629, -0.99832147, 0.05706961
0.95352387, 0.23528004
0.00757567, 0.16867134, -0.03400183
0.00625629, -0.99832147, 0.05706961
0.968445, 0.2123816
0.00735566, 0.16914321, -0.02572674
0.00625629, -0.99832147, 0.05706961
0.95352387, 0.2123816
-0.00577092, 0.16894734, 0.00666682
-0.99960327, -0.0077517, -0.02612384
0.09016856, 0.55635342
-0.00559452, 0.1858867, -0.00511846
-0.99960327, -0.0077517, -0.02612384
0.10589419, 0.59150314
-0.00535382, 0.15505874, -0.00515641
-0.99960327, -0.0077517, -0.02612384
0.11675496, 0.53503084
-0.00480858, 0.15514643, -0.0260385
0.02612384, -0.00042726, -0.99963379
0.63656121, 0.33045125
0.00735566, 0.16914321, -0.02572674
0.02612384, -0.00042726, -0.99963379
0.61360604, 0.30454892
0.00746352, 0.15524186, -0.02571767
0.02612384, -0.00042726, -0.99963379
0.61360604, 0.33045125
-0.00480858, 0.15514643, -0.0260385
-0.99960327, -0.0077517, -0.02612384
0.15509447, 0.54247752
-0.00520835, 0.16893837, -0.01484913
-0.99960327, -0.0077517, -0.02612384
0.12970664, 0.56384417
-0.00491643, 0.1690478, -0.02604757
-0.99960327, -0.0077517, -0.02612384
0.15024513, 0.56795192
0.00654696, 0.15515861, 0.0069951
-0.02612384, 0.00042726, 0.99963379
0.85632008, 0.77652654
-0.00577092, 0.16894734, 0.00666682
-0.02612384, -0.00125126, 0.99963379
0.87915945, 0.80242223
-0.0056632, 0.15506366, 0.00667588
-0.02612384, 0.00042726, 0.99963379
0.87915945, 0.77652651
-0.00534133, 0.18588266, -0.01480213
-0.99960327, -0.0077517, -0.02612384
0.12368905, 0.59487453
-0.00499521, 0.20524676, -0.03380075
-0.99960327, -0.0077517, -0.02612384
0.15182021, 0.63698387
-0.00469643, 0.16857591, -0.03432266
-0.99960327, -0.0077517, -0.02612384
0.16561551, 0.56997457
-0.00595368, 0.26479965, -0.01485104
0.0, 0.0, 0.99996948
0.0, 1.0
-0.00638994, 0.32102254, -0.01488589
0.0, 0.0, 1.0
0.0, 1.0
-0.00553025, 0.18588565, -0.00757669
-0.99960327, -0.0077517, -0.02612384
0.11041148, 0.59235898
-0.00620688, 0.26480371, -0.00516737
-0.99960327, -0.0077517, -0.02612384
0.0783599, 0.73611853
-0.0061426, 0.26480269, -0.00762561
-0.99960327, -0.0077517, -0.02612384
0.08287721, 0.73697436
0.00650118, 0.16904277, 0.00698765
-0.02612384, -0.00125126, 0.99963379
0.85620421, 0.80242224
-0.0059039, 0.1858916, 0.00671383
-0.0262154, 0.01077303, 0.99957275
0.87915945, 0.83402561
0.00737481, 0.20534296, -0.03347735
-0.00802637, 0.99993896, 0.00476089
0.97573835, 0.1356414
0.00719698, 0.20532696, -0.0304189
-0.00787378, 0.99993896, 0.00476089
0.98146099, 0.13582414
0.0072949, 0.20532772, -0.03041634
-0.00787378, 0.99993896, 0.00476089
0.98146099, 0.1356414
0.00757567, 0.16867134, -0.03400183
0.02600177, 0.01443525, -0.99954224
0.43510544, 0.20037639
-0.00499521, 0.20524676, -0.03380075
0.02600177, 0.01443525, -0.99954224
0.45806068, 0.1320948
0.00737481, 0.20534296, -0.03347735
0.02600177, 0.01443525, -0.99954224
0.43492231, 0.1320948
0.00719698, 0.20532696, -0.0304189
0.02606281, 0.0019837, -0.99963379
0.85567182, 0.29557604
-0.00511882, 0.21081829, -0.03072979
0.02597125, 0.01937925, -0.99945068
0.878627, 0.28516746
0.00715328, 0.21091372, -0.03040895
0.02597125, 0.01937925, -0.99945068
0.85567182, 0.28516746
0.00690117, 0.18992117, -0.01452215
-0.02618488, 0.00936918, 0.99960327
0.67442048, 0.60469174
-0.00548694, 0.20520024, -0.01497785
-0.02615436, 0.00326548, 0.99963379
0.69737566, 0.63337016
-0.00537092, 0.18982574, -0.01484298
-0.02618488, 0.00933866, 0.99960327
0.69737566, 0.60469174
-0.00534133, 0.18588266, -0.01480213
-0.02618488, 0.01013215, 0.99960327
0.69737571, 0.5973365
-0.00507512, 0.20523153, -0.03073974
-0.99960327, -0.0077517, -0.02612384
0.14620103, 0.63588795
-0.00537092, 0.18982574, -0.01484298
-0.99960327, -0.0077517, -0.02612384
0.12238389, 0.6021136
-0.00548694, 0.20520024, -0.01497785
-0.99960327, -0.0077517, -0.02612384
0.11725, 0.63033113
-0.00507512, 0.20523153, -0.03073974
-0.00787378, 0.99993896, 0.00473037
0.98146099, 0.15872258
0.00727688, 0.20534219, -0.03347991
-0.00796533, 0.99993896, 0.00476089
0.97573835, 0.13582414
-0.00499521, 0.20524676, -0.03380075
-0.00787378, 0.99993896, 0.00473037
0.97573835, 0.15872258
-0.00511882, 0.21081829, -0.03072979
-0.99960327, -0.0077517, -0.02612384
0.14422716, 0.646121
-0.00507512, 0.20523153, -0.03073974
0.0, 0.0, 1.0
0.0, 1.0
-0.00511882, 0.21081829, -0.03072979
0.0, 0.0, 0.99996948
0.0, 1.0
-0.00499521, 0.20524676, -0.03380075
0.0, 0.0, 1.0
0.0, 1.0
0.00737481, 0.20534296, -0.03347735
-0.00387585, 0.01315348, 0.99987793
0.36563614, 0.04323578
-0.00499521, 0.20524676, -0.03380075
0.0, 0.0, 1.0
0.36563611, 0.04323125
0.00727688, 0.20534219, -0.03347991
-0.00778222, 0.02633747, 0.99960327
0.36563611, 0.04323572
0.0072512, 0.21091448, -0.03040639
0.02600177, 0.01937925, -0.99945068
0.85548866, 0.28516746
0.0072949, 0.20532772, -0.03041634
0.02603229, 0.0019837, -0.99963379
0.85548866, 0.29557604
0.00667006, 0.26624638, -0.02838291
0.02566607, 0.05163732, -0.99832147
0.85567182, 0.18224424
0.00676799, 0.26624715, -0.02838035
0.02566607, 0.05163732, -0.99832147
0.85548866, 0.18224418
-0.0059528, 0.26475659, -0.01487176
-0.99960327, -0.0077517, -0.02612384
0.09620793, 0.73941821
-0.00560203, 0.26615098, -0.02870374
-0.99960327, -0.0077517, -0.02612384
0.12113568, 0.7467992
-0.00560203, 0.26615098, -0.02870374
0.0, 0.0, 0.99996948
0.0, 1.0
0.00678515, 0.20529567, -0.01465702
-0.02615436, 0.00326548, 0.99963379
0.67442048, 0.63337016
-0.00553064, 0.21078698, -0.0149679
-0.02609333, -0.0019837, 0.99963379
0.69737566, 0.64379027
-0.00534133, 0.18588266, -0.01480213
0.0, 0.0, 1.0
0.0, 1.0
0.00693077, 0.18597808, -0.01448129
-0.02612384, 0.00039674, 0.99963379
0.75740904, 0.98150684
-0.00595368, 0.26479965, -0.01485104
-0.02612384, 0.00039674, 0.99963379
0.73445374, 0.83431153
-0.00534133, 0.18588266, -0.01480213
-0.02612384, 0.00039674, 0.99963379
0.7344538, 0.98150684
0.00667757, 0.18598212, -0.00479763
-0.02612384, 0.00039674, 0.99963379
0.63656121, 0.98150684
-0.00620688, 0.26480371, -0.00516737
-0.02612384, 0.00039674, 0.99963379
0.61360604, 0.83431153
-0.00559452, 0.1858867, -0.00511846
-0.02612384, 0.00039674, 0.99963379
0.61360604, 0.98150682
0.0063682, 0.18598703, 0.00703466
-0.0262154, 0.01077303, 0.99957275
0.85620427, 0.83402561
-0.00646744, 0.26494503, 0.00475735
-0.02630696, 0.02453688, 0.99932861
0.87915945, 0.9815068
-0.00646744, 0.26494503, 0.00475735
-0.99960327, -0.0077517, -0.02612384
0.06007407, 0.73291463
-0.00620794, 0.2649402, -0.00516738
-0.99960327, -0.0077517, -0.02612384
0.07831214, 0.73636866
0.00693077, 0.18597808, -0.01448129
-0.02609333, 0.00039674, 0.99963379
0.57519805, 0.29575384
0.00630632, 0.26489499, -0.01453052
0.02612384, -0.00039674, -0.99963379
0.5751754, 0.44279951
0.00664687, 0.26489764, -0.01452162
0.02612384, -0.00039674, -0.99963379
0.57581246, 0.44279951
0.00667757, 0.18598212, -0.00479763
0.02612384, -0.00039674, -0.99963379
0.57617402, 0.58469468
-0.00620794, 0.2649402, -0.00516738
0.02612384, -0.00039674, -0.99963379
0.55321878, 0.73199475
0.0062534, 0.26503709, -0.0048416
0.02612384, -0.00039674, -0.99963379
0.57652795, 0.73199469
-0.00664313, 0.32102653, -0.00520222
-0.99960327, -0.0077517, -0.02612384
0.05874367, 0.8391469
-0.00657886, 0.32102552, -0.00766045
-0.99960327, -0.0077517, -0.02612384
0.06326094, 0.8400027
0.00562896, 0.32112196, -0.00488139
-0.02612384, 0.00039674, 0.99963379
0.63656127, 0.72944513
-0.00664313, 0.32102653, -0.00520222
-0.02612384, 0.00039674, 0.99963379
0.61360604, 0.72944513
0.0062534, 0.26503709, -0.0048416
-0.00726341, 0.99996948, -0.00067141
0.79484093, 0.03064567
0.00594901, 0.26504156, 0.00508196
-0.00753807, 0.99996948, -0.00067141
0.81339169, 0.03072941
0.0059939, 0.26504189, 0.00508313
-0.00726341, 0.99996948, -0.00067141
0.81339169, 0.03064567
-0.00620794, 0.2649402, -0.00516738
0.0, 0.0, 1.0
0.0, 1.0
-0.00646744, 0.26494503, 0.00475735
0.0, 0.0, 0.99996948
0.0, 1.0
0.00594901, 0.26504156, 0.00508196
-0.01342814, -0.08581805, 0.9962157
0.0, 1.0
0.00580466, 0.26504043, 0.00507818
-0.00778222, 0.99993896, -0.00067141
0.81339169, 0.03099877
-0.00620794, 0.2649402, -0.00516738
-0.0077517, 0.99996948, -0.00067141
0.79484093, 0.0538972
-0.00646744, 0.26494503, 0.00475735
-0.0077517, 0.99996948, -0.00067141
0.81339169, 0.0538972
0.00580466, 0.26504043, 0.00507818
0.00314341, 0.08349864, -0.99649036
0.0, 1.0
0.00606416, 0.26503563, -0.00484654
-0.00778222, 0.99993896, -0.00067141
0.79484093, 0.03099877
-0.0059528, 0.26475659, -0.01487176
0.02612384, -0.00039674, -0.99963379
0.75776285, 0.56035018
0.00587093, 0.32107475, -0.01458609
0.02612384, -0.00042726, -0.99963379
0.73483032, 0.45559031
0.00631929, 0.26485199, -0.01455093
0.02612384, -0.00039674, -0.99963379
0.73480761, 0.56035015
0.00581715, 0.32125995, -0.00487643
0.02612384, -0.00039674, -0.99963379
0.57652789, 0.8367545
0.00620852, 0.26503676, -0.00484277
-0.02606281, 0.00039674, 0.99963379
0.67372334, 0.31058419
0.0056279, 0.32125846, -0.00488138
-0.02615436, 0.00039674, 0.99963379
0.67399329, 0.41545057
0.00606416, 0.26503563, -0.00484654
-0.02609333, 0.00039674, 0.99963379
0.67399335, 0.31058419
0.00664774, 0.26485455, -0.01454234
0.02612384, -0.00039674, -0.99963379
0.73419327, 0.56035015
0.00630058, 0.32107809, -0.01457486
0.02612384, -0.00042726, -0.99963379
0.73402661, 0.45559031
-0.00625382, 0.30448905, -0.01517516
0.0, 0.0, 1.0
0.0, 1.0
0.00664774, 0.26485455, -0.01454234
-0.02618488, 0.00796533, 0.99960327
0.43508896, 0.23736274
0.00601915, 0.30454138, -0.01487506
-0.02609333, -0.00314341, 0.99963379
0.43570334, 0.311396
0.00631929, 0.26485199, -0.01455093
-0.02618488, 0.00796533, 0.99960327
0.43570337, 0.23736274
0.00598008, 0.32111868, -0.0145625
-0.02612384, 0.00042726, 0.99963379
0.7575922, 0.72944519
-0.00638994, 0.32102254, -0.01488589
-0.02612384, 0.00042726, 0.99963379
0.73445374, 0.72944519
0.00674145, 0.21088241, -0.01464707
-0.02609333, -0.0019837, 0.99963379
0.67442048, 0.6437903
-0.0059528, 0.26475659, -0.01487176
-0.02612384, -0.00076296, 0.99963379
0.69737566, 0.74445179
-0.00682876, 0.3775833, -0.01492293
0.0, 0.0, 1.0
0.0, 1.0
-0.00693979, 0.39189383, -0.01493224
0.0, 0.0, 1.0
0.0, 1.0
-0.00638733, 0.32088438, -0.01494449
0.0, 0.0, 1.0
0.0, 1.0
-0.00693719, 0.39175579, -0.01499084
0.0, 0.0, 1.0
0.0, 1.0
-0.00638733, 0.32088438, -0.01494449
0.02606281, 0.00689718, -0.99963379
0.81841058, 0.45584267
0.00534798, 0.39185128, -0.01466967
-0.34580523, -0.00326548, 0.93826103
0.79543078, 0.32378817
0.00598269, 0.32098058, -0.0146211
0.02609333, 0.00448622, -0.99963379
0.79527217, 0.45584267
-0.00724699, 0.39884922, -0.00525035
0.02612384, -0.00039674, -0.99963379
0.55321872, 0.9815068
0.00521435, 0.39894614, -0.00492457
0.02612384, -0.00039674, -0.99963379
0.57652789, 0.98150684
-0.00638645, 0.32084134, -0.01496522
0.0, 0.0, 0.99996948
0.0, 1.0
-0.00693892, 0.3918508, -0.01495296
0.0, 0.0, 1.0
0.0, 1.0
0.00588564, 0.32093677, -0.01464439
-0.00872829, -0.00231941, 0.99993896
0.43570331, 0.34197253
-0.00693631, 0.3917127, -0.01501157
-0.02612384, 0.00042726, 0.99963379
0.45865852, 0.47416115
-0.00638645, 0.32084134, -0.01496522
-0.02606281, -0.00689718, 0.99963379
0.45865852, 0.34197253
0.00577226, 0.32125959, -0.0048776
-0.02609333, 0.00039674, 0.99963379
0.67372334, 0.41545057
0.0050251, 0.39894465, -0.00492952
-0.02615436, 0.00039674, 0.99963379
0.67399329, 0.56035018
0.00587354, 0.32093665, -0.0146447
0.02606281, 0.00695822, -0.99963379
0.49654025, 0.3696537
-0.00693631, 0.3917127, -0.01501157
0.02612384, -0.00042726, -0.99963379
0.51947278, 0.23759919
0.00570959, 0.39181098, -0.01468097
0.02612384, -0.00042726, -0.99963379
0.49581841, 0.23759919
0.00664774, 0.26485455, -0.01454234
-0.02612384, -0.00076296, 0.99963379
0.67380601, 0.74445179
-0.00638906, 0.32097945, -0.01490661
-0.02612384, 0.00042726, 0.99963379
0.6973756, 0.84931819
-0.00620794, 0.2649402, -0.00516738
-0.02612384, 0.00039674, 0.99963379
0.69694859, 0.31058419
-0.00664419, 0.32116309, -0.00520221
-0.02612384, 0.00039674, 0.99963379
0.69694853, 0.41545057
0.00621061, 0.32112047, -0.01455647
-0.02615436, 0.00039674, 0.99963379
0.5758124, 0.54755929
0.00598008, 0.32111868, -0.0145625
-0.02615436, 0.00039674, 0.99963379
0.57538122, 0.54755923
-0.00664419, 0.32116309, -0.00520221
0.0, 0.0, 1.0
0.0, 1.0
0.0062534, 0.26503709, -0.0048416
-0.02603229, 0.00039674, 0.99963379
0.67363942, 0.31058419
0.00664774, 0.26485455, -0.01454234
0.02618488, -0.00796533, -0.99960327
0.49590325, 0.47416115
-0.00625294, 0.30444598, -0.01519589
0.02609333, 0.00314341, -0.99963379
0.51947284, 0.40018231
0.0064367, 0.30454463, -0.01486415
0.02609333, 0.00305185, -0.99963379
0.4957366, 0.40018231
-0.00560203, 0.26615098, -0.02870374
0.02569658, 0.05163732, -0.99832147
0.878627, 0.18224418
0.00630983, 0.30411863, -0.02586794
0.02517777, 0.10501419, -0.99414045
0.85567182, 0.11189616
0.00664687, 0.26489764, -0.01452162
-0.02618488, 0.00796533, 0.99960327
0.57517546, 0.15415776
0.00600618, 0.30458438, -0.01485465
-0.02612384, -0.00305185, 0.99963379
0.5758124, 0.22819096
0.00630632, 0.26489499, -0.01453052
-0.02618488, 0.00796533, 0.99960327
0.57581246, 0.15415776
-0.00596226, 0.30402321, -0.02618877
0.0, 0.0, 1.0
0.0, 1.0
-0.00625294, 0.30444598, -0.01519589
0.0, 0.0, 0.99996948
0.0, 1.0
-0.0059528, 0.26475659, -0.01487176
-0.02618488, 0.00796533, 0.99960327
0.45865858, 0.23736274
-0.00625294, 0.30444598, -0.01519589
-0.02609333, -0.00314341, 0.99963379
0.45865855, 0.311396
0.00664687, 0.26489764, -0.01452162
0.02618488, -0.00793481, -0.99960327
0.79484099, 0.56035018
-0.00625382, 0.30448905, -0.01517516
0.02609333, 0.00314341, -0.99963379
0.81841052, 0.48637122
0.00634673, 0.30458701, -0.01484574
0.02609333, 0.00308237, -0.99963379
0.79484093, 0.48637128
-0.00625294, 0.30444598, -0.01519589
-0.99960327, -0.0077517, -0.02612384
0.08291058, 0.81225355
-0.00596226, 0.30402321, -0.02618877
-0.99960327, -0.0077517, -0.02612384
0.10325767, 0.81531444
0.00640776, 0.30411941, -0.02586538
0.02517777, 0.10501419, -0.99414045
0.85548866, 0.11189616
-0.00606249, 0.31269518, -0.02493417
0.0, 0.0, 1.0
0.0, 1.0
-0.00606249, 0.31269518, -0.02493417
0.01049837, 0.77446824, -0.63249612
0.97140539, 0.53726903
0.00588564, 0.32093677, -0.01464439
0.95016325, 0.26764733, -0.15976439
0.95333391, 0.56016746
0.0062096, 0.3127906, -0.02461334
0.01068148, 0.77446824, -0.63249612
0.97140539, 0.56016746
0.00587354, 0.32093665, -0.0146447
-0.00875881, -0.77440715, 0.63258767
0.95333391, 0.5601449
-0.00596226, 0.30402321, -0.02618877
0.02514725, 0.10501419, -0.99414045
0.87862706, 0.11189616
0.0062096, 0.3127906, -0.02461334
0.02481155, 0.14340648, -0.98934907
0.85567182, 0.09584653
0.00598269, 0.32098058, -0.0146211
0.02600177, 0.01425214, -0.99954224
0.57560664, 0.25876749
0.00621322, 0.32098237, -0.01461507
0.02600177, 0.01425214, -0.99954224
0.5751754, 0.25876749
-0.00606249, 0.31269518, -0.02493417
-0.99960327, -0.0077517, -0.02612384
0.09791688, 0.83076614
0.00630753, 0.31279132, -0.02461078
0.02487259, 0.14340648, -0.98934907
0.85548866, 0.09584659
-0.00707549, 0.39331809, -0.0101654
0.00128178, 0.94366282, -0.33085117
0.62170225, 0.05217242
0.00522099, 0.39198843, -0.01461431
3.052e-05, 0.95812863, -0.28626361
0.61289048, 0.02948165
-0.00693979, 0.39189383, -0.01493224
3.052e-05, 0.95812863, -0.28626361
0.61289048, 0.05217242
0.00521435, 0.39894614, -0.00492457
0.0, 0.0, 1.0
0.32855803, 0.04323578
-0.00724699, 0.39884922, -0.00525035
0.0, 0.0, 1.0
0.32855809, 0.04323119
0.0050251, 0.39894465, -0.00492952
-0.00607318, -0.03170873, 0.99945068
0.32855809, 0.04323566
-0.00693979, 0.39189383, -0.01493224
0.0, 0.0, 1.0
0.97573835, 0.03375643
0.00509661, 0.39198741, -0.01461757
-0.00598163, -0.03192236, 0.99945068
0.97573835, 0.03376085
0.00522099, 0.39198843, -0.01461431
0.01330607, 0.99920654, -0.03723258
0.0, 1.0
0.00494735, 0.39198628, -0.01462147
-0.00534074, -0.07788324, -0.99691761
0.0, 1.0
0.00494735, 0.39198628, -0.01462147
-0.00924711, -0.02288888, 0.99969482
0.97573835, 0.03376079
-0.00693892, 0.3918508, -0.01495296
0.0, 0.0, 1.0
0.43492234, 0.01849753
0.00497309, 0.39194342, -0.01464154
-0.01876888, -0.08578753, 0.99612415
0.43492234, 0.01849318
-0.00724699, 0.39884922, -0.00525035
0.0, 0.0, 1.0
0.0, 1.0
0.00621322, 0.32098237, -0.01461507
0.02612384, -0.00042726, -0.99963379
0.79484099, 0.45584267
0.00520702, 0.3918502, -0.01467336
-0.02615436, 0.00042726, 0.99963379
0.79569447, 0.32378823
0.00544333, 0.37767872, -0.0146021
0.02612384, -0.00042726, -0.99963379
0.97806793, 0.68381372
0.00522099, 0.39198843, -0.01461431
-0.02618488, 0.00042726, 0.99963379
0.97785974, 0.7104786
0.00508832, 0.39198735, -0.01461779
-0.02618488, 0.00042726, 0.99963379
0.97761154, 0.7104786
0.0051404, 0.17742479, 0.05654517
0.99960327, 0.0077517, 0.02612384
0.50136632, 0.59094095
0.00477612, 0.18855081, 0.06717003
0.99960327, 0.0077517, 0.02612384
0.50820798, 0.56306127
0.00452278, 0.15902501, 0.0856421
0.99960327, 0.0077517, 0.02612384
0.44308656, 0.56364989
0.00521435, 0.39894614, -0.00492457
-0.02603229, 0.00039674, 0.99963379
0.6736393, 0.56035018
0.00516946, 0.39894578, -0.00492574
-0.02609333, 0.00039674, 0.99963379
0.67372328, 0.56035015
-0.00638906, 0.32097945, -0.01490661
0.02612384, -0.00042726, -0.99963379
0.75776285, 0.45559037
0.00497309, 0.39194342, -0.01464154
0.02609333, -0.00042726, -0.99963379
0.73548126, 0.32353586
-0.00712576, 0.38322541, -0.00524075
-0.02612384, 0.00039674, 0.99963379
0.61360604, 0.61343229
0.00494112, 0.39880744, -0.00493175
-0.02612384, 0.00039674, 0.99963379
0.63640219, 0.58454558
-0.00724593, 0.39871272, -0.00525036
-0.02612384, 0.00039674, 0.99963379
0.61360604, 0.58454558
-0.00682876, 0.3775833, -0.01492293
-0.02612384, 0.00042726, 0.99963379
0.93955427, 0.60251862
0.00508832, 0.39198735, -0.01461779
-0.02612384, 0.00042726, 0.99963379
0.91705543, 0.6292105
-0.00693979, 0.39189383, -0.01493224
-0.02612384, 0.00042726, 0.99963379
0.93955427, 0.6292105
0.00570959, 0.39181098, -0.01468097
-0.02609333, 0.00042726, 0.99963379
0.43500409, 0.47416121
0.00533578, 0.39180812, -0.01469074
-0.02612384, 0.00042726, 0.99963379
0.43570328, 0.47416121
-0.00724699, 0.39884922, -0.00525035
-0.02612384, 0.00039674, 0.99963379
0.69694853, 0.56035018
0.00506846, 0.39194414, -0.01463905
0.02609333, -0.00042726, -0.99963379
0.73530281, 0.32353592
-0.00712576, 0.38322541, -0.00524075
-0.99960327, -0.0077517, -0.02612384
0.03704229, 0.95312637
-0.00714748, 0.3943117, -0.00770744
-0.99960327, -0.0077517, -0.02612384
0.03769407, 0.97430023
-0.00705037, 0.38179317, -0.0076986
-0.99960327, -0.0077517, -0.02612384
0.04205986, 0.95135967
0.00506846, 0.39194414, -0.01463905
-0.02612384, 0.00042726, 0.99963379
0.67491549, 0.98150684
-0.00693892, 0.3918508, -0.01495296
-0.02612384, 0.00042726, 0.99963379
0.69737554, 0.98150684
-0.00701215, 0.36858377, -0.00523167
-0.99960327, -0.0077517, -0.02612384
0.04215078, 0.92629548
-0.00693937, 0.36748835, -0.00768962
-0.99960327, -0.0077517, -0.02612384
0.04705063, 0.9251461
-0.00637511, 0.36951318, -0.02987542
0.99960327, 0.0077517, 0.02612384
0.50555557, 0.07675666
-0.00631519, 0.37757441, -0.0345649
0.99960327, 0.0077517, 0.02612384
0.52063316, 0.0854966
-0.00643761, 0.37757656, -0.02988278
0.99960327, 0.0077517, 0.02612384
0.52063316, 0.07676059
0.00525995, 0.3686792, -0.00491084
-0.02612384, 0.00039674, 0.99963379
0.63656127, 0.64074191
-0.00701215, 0.36858377, -0.00523167
-0.02612384, 0.00039674, 0.99963379
0.61360604, 0.64074191
-0.00643761, 0.37757656, -0.02988278
0.0077517, -0.99996948, 0.00064089
0.97670823, 0.88114997
0.0059569, 0.37766984, -0.03424407
0.00778222, -0.99993896, 0.00064089
0.95375305, 0.87288946
0.0059511, 0.37767288, -0.0295589
0.00784326, -0.99993896, 0.00064089
0.9535349, 0.88114997
-0.00637511, 0.36951318, -0.02987542
0.0, 0.0, 0.99996948
0.0, 1.0
-0.0062516, 0.36937103, -0.03455748
0.0, 0.0, 1.0
0.0, 1.0
-0.00672547, 0.36426881, -0.01491421
0.0, 0.0, 1.0
0.0, 1.0
0.00554663, 0.36436424, -0.01459338
-0.02612384, 0.00042726, 0.99963379
0.75740898, 0.64878246
0.00516168, 0.36436126, -0.01460344
-0.02612384, 0.00042726, 0.99963379
0.75668889, 0.64878246
-0.00672547, 0.36426881, -0.01491421
-0.02612384, 0.00042726, 0.99963379
0.73445374, 0.64878246
-0.0062516, 0.36937103, -0.03455748
-0.02612384, 0.00067141, 0.99963379
0.95352387, 0.27226639
0.0059569, 0.37766984, -0.03424407
-0.02612384, 0.00067141, 0.99963379
0.96886277, 0.29516482
-0.00631519, 0.37757441, -0.0345649
-0.02612384, 0.00067141, 0.99963379
0.96886277, 0.27226639
0.0062409, 0.36946818, -0.03423089
0.02612384, -0.00067141, -0.99963379
0.30395159, 0.12375879
0.00617731, 0.37767157, -0.0342383
0.69444871, 0.02642903, 0.71904659
0.3010937, 0.10872531
0.0059569, 0.37766984, -0.03424407
-0.02615436, 0.00067141, 0.99963379
0.30109382, 0.10872531
-0.00631519, 0.37757441, -0.0345649
0.0, 0.0, 1.0
0.0, 1.0
0.00583448, 0.37767199, -0.02956195
-0.00762963, 0.99996948, -0.00064089
0.95375305, 0.88114997
0.00617731, 0.37767157, -0.0342383
0.00781274, -0.99993896, 0.00067141
0.95334077, 0.87288946
0.00589699, 0.36960861, -0.02955459
-0.01043733, 0.99432355, 0.10580767
0.95419419, 0.97278661
0.0060205, 0.36946645, -0.03423665
0.00701926, -0.9994812, 0.03051851
0.95419419, 0.98150684
0.0062409, 0.36946818, -0.03423089
0.99417096, 0.10641804, 0.01626636
0.9537819, 0.98150684
-0.0062516, 0.36937103, -0.03455748
-0.00695822, 0.9994812, -0.03051851
0.97714943, 0.98150684
-0.00637511, 0.36951318, -0.02987542
-0.01046785, 0.99432355, 0.10580767
0.97714943, 0.97278661
-0.00643761, 0.37757656, -0.02988278
0.0, 0.0, 1.0
0.0, 1.0
-0.0067153, 0.37758133, -0.01926244
0.0, 0.0, 1.0
0.0, 1.0
-0.00657198, 0.37757888, -0.02474391
0.0, 0.0, 0.99996948
0.0, 1.0
-0.00663359, 0.36704561, -0.01925443
-0.0171514, 0.92419201, 0.38148138
0.97714943, 0.95281336
0.00577253, 0.3683351, -0.02441539
-0.01361126, 0.97293007, 0.23065889
0.95419419, 0.96311666
-0.00649956, 0.36823967, -0.02473622
-0.01348918, 0.97393721, 0.22635579
0.97714943, 0.96311666
0.00609475, 0.36714461, -0.01892167
0.01321451, -0.97705007, -0.21250038
0.0, 1.0
0.00622878, 0.36833867, -0.02440346
-0.01321451, 0.97705007, 0.21250038
0.0, 1.0
0.00577253, 0.3683351, -0.02441539
-0.01321451, 0.97705007, 0.21250038
0.0, 1.0
0.00567341, 0.37767765, -0.01893856
-0.00762963, 0.99996948, -0.00061037
0.97573835, 0.07885975
0.00570012, 0.37767431, -0.02442309
-0.00762963, 0.99996948, -0.00064089
0.97622019, 0.08907109
0.00555679, 0.37767676, -0.01894161
-0.00762963, 0.99996948, -0.00061037
0.97595644, 0.07885414
-0.00663359, 0.36704561, -0.01925443
0.0, 0.0, 1.0
0.0, 1.0
-0.00649956, 0.36823967, -0.02473622
0.0, 0.0, 1.0
0.0, 1.0
0.00567341, 0.37767765, -0.01893856
0.0077517, -0.99996948, 0.00064089
0.9535349, 0.89988715
-0.00657198, 0.37757888, -0.02474391
0.0077517, -0.99996948, 0.00064089
0.97670823, 0.8902164
0.00581674, 0.37767521, -0.02442004
0.0077517, -0.99996948, 0.00064089
0.9535349, 0.8902164
-0.0067153, 0.37758133, -0.01926244
0.99960327, 0.0077517, 0.02612384
0.52063316, 0.05694467
-0.00649956, 0.36823967, -0.02473622
0.99960327, 0.0077517, 0.02612384
0.50316995, 0.06716931
-0.00657198, 0.37757888, -0.02474391
0.99960327, 0.0077517, 0.02612384
0.52063316, 0.06717217
-0.00682876, 0.3775833, -0.01492293
0.99960327, 0.0077517, 0.02612384
0.52063316, 0.04884785
-0.00663359, 0.36704561, -0.01925443
0.99960327, 0.0077517, 0.02612384
0.50093251, 0.05694264
0.00544333, 0.37767872, -0.0146021
0.0077517, -0.99996948, 0.00064089
0.95375305, 0.90754327
-0.0067153, 0.37758133, -0.01926244
0.0077517, -0.99996948, 0.00064089
0.97670823, 0.89988715
0.00544333, 0.37767872, -0.0146021
-0.00772118, 0.99996948, -0.00064089
0.97574759, 0.07076573
0.00505838, 0.37767574, -0.01461217
-0.00772118, 0.99996948, -0.00064089
0.97646743, 0.07074726
0.00516168, 0.36436126, -0.01460344
-0.02056948, 0.84237188, 0.53849912
0.95347279, 0.7599081
0.00563851, 0.36714104, -0.0189336
0.02066103, -0.84237188, -0.5384686
0.95334077, 0.76591714
0.00609475, 0.36714461, -0.01892167
0.02066103, -0.84237188, -0.5384686
0.95418566, 0.76603737
0.00516168, 0.36436126, -0.01460344
-0.02059999, 0.84234136, 0.53849912
0.95491427, 0.9445296
-0.00672547, 0.36426881, -0.01491421
-0.02059999, 0.84237188, 0.53849912
0.97714943, 0.9445296
0.00635324, 0.36961213, -0.02954266
-0.01052889, 0.99383527, 0.1101413
0.95334077, 0.97278661
0.00581674, 0.37767521, -0.02442004
-0.00762963, 0.99996948, -0.00064089
0.9760021, 0.0890767
0.00583448, 0.37767199, -0.02956195
-0.00762963, 0.99996948, -0.00064089
0.97646743, 0.0986495
-0.00651458, 0.32102451, -0.01011868
-0.99960327, -0.0077517, -0.02612384
0.06777819, 0.84085858
-0.00672547, 0.36426881, -0.01491421
-0.99960327, -0.0077517, -0.02612384
0.06145261, 0.9217677
-0.00638994, 0.32102254, -0.01488589
-0.99960327, -0.0077517, -0.02612384
0.07653851, 0.84251826
-0.0068666, 0.36639306, -0.01014756
-0.99960327, -0.0077517, -0.02612384
0.05195044, 0.92399667
-0.00682876, 0.3775833, -0.01492293
-0.99960327, -0.0077517, -0.02612384
0.05680799, 0.94616663
-0.00697497, 0.38036087, -0.01015647
-0.99960327, -0.0077517, -0.02612384
0.0470775, 0.94959285
-0.00693979, 0.39189383, -0.01493224
-0.99960327, -0.0077517, -0.02612384
0.05181581, 0.97239087
0.00512462, 0.39440712, -0.00738661
0.00256355, 0.92712182, -0.37470627
0.62622803, 0.02927399
-0.00714748, 0.3943117, -0.00770744
0.00256355, 0.92712182, -0.37470627
0.62622803, 0.05217242
-0.00595368, 0.26479965, -0.01485104
-0.99960327, -0.0077517, -0.02612384
0.09615473, 0.73948991
-0.00533299, 0.16894037, -0.01008193
-0.99960327, -0.0077517, -0.02612384
0.12094632, 0.56218451
-0.00607833, 0.26480162, -0.01008383
-0.99960327, -0.0077517, -0.02612384
0.0873945, 0.73783016
-0.00426102, -0.06236628, 0.01771034
-0.99960327, -0.0077517, -0.02612384
0.15084565, 0.12866807
-0.00372902, -0.06818222, -0.00090904
-0.99960327, -0.0077517, -0.02612384
0.187094, 0.12450814
0.00854307, -0.06808679, -0.0005882
0.02682577, -0.11380352, -0.99313331
0.73474211, 0.2521199
-0.00450276, 0.04024993, -0.00356345
-0.99960327, -0.0077517, -0.02612384
0.15401575, 0.32411277
-0.00510063, 0.15505469, -0.01484007
-0.99960327, -0.0077517, -0.02612384
0.13454981, 0.5384022
-0.00470534, 0.0797592, -0.00756547
-0.99960327, -0.0077517, -0.02612384
0.14753947, 0.3979013
-0.00476961, 0.07976022, -0.00510725
-0.99960327, -0.0077517, -0.02612384
0.14302221, 0.39704543
-0.00364124, -0.08656283, 0.00120004
0.02682577, -0.11380352, -0.99313331
0.75769734, 0.28654957
0.00901339, -0.08646443, 0.00153088
0.02682577, -0.11380352, -0.99313331
0.73402661, 0.28654957
-0.00364124, -0.08656283, 0.00120004
-0.99960327, -0.0077517, -0.02612384
0.18965261, 0.09009373
0.00494112, 0.39880744, -0.00493175
0.01901303, 0.48768577, -0.87276834
0.20685478, 0.04307705
-0.00714748, 0.3943117, -0.00770744
0.01901303, 0.48768577, -0.87276834
0.21486253, 0.02033734
-0.00724593, 0.39871272, -0.00525036
0.01901303, 0.48768577, -0.87276834
0.20685478, 0.02033734
-0.00707549, 0.39331809, -0.0101654
-0.99960327, -0.0077517, -0.02612384
0.04255836, 0.97333728
-0.00546597, 0.18588464, -0.01003493
-0.99960327, -0.0077517, -0.02612384
0.11492877, 0.59321481
-0.00522527, 0.15505669, -0.01007286
-0.99960327, -0.0077517, -0.02612384
0.12578954, 0.53674248
-0.00494202, 0.11854832, -0.01004903
-0.99960327, -0.0077517, -0.02612384
0.13852516, 0.46984047
-0.00481738, 0.11854634, -0.01481624
-0.99960327, -0.0077517, -0.02612384
0.14728545, 0.47150016
-0.00537995, 0.11855529, 0.00669972
0.0, -3.052e-05, 1.0
0.73402661, 0.02923143
0.00689215, 0.1186507, 0.00702056
0.05786309, 0.99655139, 0.05896176
0.73402661, 0.02923596
-0.00452496, 0.11859157, -0.02601466
-0.99960327, -0.0077517, -0.02612384
0.16784635, 0.47549033
-0.00452496, 0.11859157, -0.02601466
0.02612384, -0.00042726, -0.99963379
0.63656121, 0.39856392
0.00774713, 0.11868699, -0.02569382
0.02612384, -0.00042726, -0.99963379
0.61360604, 0.39856392
-0.00507057, 0.11855037, -0.00513257
-0.99960327, -0.0077517, -0.02612384
0.12949058, 0.4681288
-0.0056632, 0.15506366, 0.00667588
-0.99960327, -0.0077517, -0.02612384
0.09501178, 0.53091142
-0.0050063, 0.11854935, -0.0075908
-0.99960327, -0.0077517, -0.02612384
0.13400786, 0.46898466
-0.00499267, 0.11679238, -0.00758965
-0.99960327, -0.0077517, -0.02612384
0.13462077, 0.465765
-0.00505694, 0.11679339, -0.00513142
-0.99960327, -0.0077517, -0.02612384
0.13010348, 0.4649092
-0.00537995, 0.11855529, 0.00669972
-0.99960327, -0.0077517, -0.02612384
0.10774738, 0.46400946
-0.00451132, 0.11683237, -0.02601351
0.02612384, -0.00042726, -0.99963379
0.63656121, 0.40184182
0.00776078, 0.11692779, -0.02569267
0.02612384, -0.00042726, -0.99963379
0.61360604, 0.40184182
-0.00451132, 0.11683237, -0.02601351
-0.99960327, -0.0077517, -0.02612384
0.16846006, 0.47226655
-0.00536631, 0.11679832, 0.00670087
-0.02612384, 0.00042726, 0.99963379
0.97991753, 0.6292105
0.00683021, 0.11865023, 0.00701893
-0.02612384, 0.00042726, 0.99963379
0.97663236, 0.60642764
-0.00537995, 0.11855529, 0.00669972
-0.02612384, 0.00042726, 0.99963379
0.97663236, 0.6292105
-0.00480375, 0.11678937, -0.01481508
-0.99960327, -0.0077517, -0.02612384
0.14789835, 0.46828049
-0.00492839, 0.11679135, -0.01004788
-0.99960327, -0.0077517, -0.02612384
0.13913804, 0.4666208
0.00650116, 0.12340693, 0.02056142
0.00097659, -0.9683218, 0.2496414
0.79484099, 0.11766219
-0.00609064, 0.12527241, 0.03188644
0.00088504, -0.96728414, 0.25363934
0.81779617, 0.13939804
-0.00577093, 0.12331151, 0.02024059
0.00097659, -0.9683218, 0.2496414
0.81779617, 0.11766219
0.00683021, 0.11865023, 0.00701893
0.02627644, -0.00042726, -0.99963379
0.57529128, 0.11717141
0.0066089, 0.15515909, 0.00699672
0.02612384, -0.00042726, -0.99963379
0.5751754, 0.0491454
0.00689215, 0.1186507, 0.00702056
0.02627644, -0.00042726, -0.99963379
0.5751754, 0.11717135
-0.0056632, 0.15506366, 0.00667588
0.0, 0.0, 1.0
0.0, 1.0
-0.00537995, 0.11855529, 0.00669972
0.0, 0.0, 1.0
0.0, 1.0
0.00654696, 0.15515861, 0.0069951
-0.00631733, 0.0361034, 0.9992981
0.0, 1.0
0.0066089, 0.15515909, 0.00699672
0.04251228, 0.99807733, 0.04498428
0.0, 1.0
-0.00603376, 0.15719068, 0.02021744
-0.00094607, 0.96804714, -0.25067905
0.6736393, 0.20784771
0.00590074, 0.16154909, 0.03218352
0.00357067, 0.91283911, -0.40827662
0.69659454, 0.22926736
0.00623834, 0.15728611, 0.02053827
-0.00094607, 0.96804714, -0.25067905
0.69659454, 0.20784771
-0.00603376, 0.15719068, 0.02021744
-0.99960327, -0.0077517, -0.02612384
0.50586492, 0.82486621
-0.00609064, 0.12527241, 0.03188644
-0.99960327, -0.0077517, -0.02612384
0.44381955, 0.81117624
-0.00637135, 0.16145366, 0.03186269
-0.99960327, -0.0077517, -0.02612384
0.50086373, 0.84746094
-0.0056632, 0.15506366, 0.00667588
-0.99960327, -0.0077517, -0.02612384
0.5161407, 0.8014333
-0.00577093, 0.12331151, 0.02024059
-0.99960327, -0.0077517, -0.02612384
0.45244932, 0.7908916
0.0066089, 0.15515909, 0.00699672
-0.00360118, 0.98785365, -0.15524766
0.69659454, 0.18274522
0.00689215, 0.1186507, 0.00702056
-0.0013123, -0.94347972, 0.33133945
0.79484099, 0.09088355
-0.00537995, 0.11855529, 0.00669972
-0.0013123, -0.94347972, 0.33133945
0.81779623, 0.09088355
-0.00644562, 0.12969398, 0.04414952
-0.00268563, -0.92544329, 0.37879574
0.81779617, 0.16371912
0.00546686, 0.13535553, 0.05657046
-0.00561541, -0.87896359, 0.47679067
0.79484099, 0.18844885
-0.00680524, 0.13526011, 0.05624963
-0.00561541, -0.87896359, 0.47679067
0.81779617, 0.18844885
-0.00644562, 0.12969398, 0.04414952
-0.99960327, -0.0077517, -0.02612384
0.43844652, 0.83490185
-0.00674285, 0.16800146, 0.04412521
-0.99960327, -0.0077517, -0.02612384
0.49884218, 0.87332022
0.00618145, 0.12536784, 0.03220728
0.00088504, -0.96728414, 0.25363934
0.79484099, 0.13939804
-0.00674285, 0.16800146, 0.04412521
0.00762963, 0.84002197, -0.54246652
0.6736393, 0.25168067
0.00552925, 0.16809689, 0.04444604
0.00762963, 0.84002197, -0.54246652
0.69659454, 0.25168067
-0.00713169, 0.17732936, 0.05622434
0.00979644, 0.7920469, -0.61033964
0.6736393, 0.2735979
0.0051404, 0.17742479, 0.05654517
0.00979644, 0.79207742, -0.61033964
0.69659454, 0.2735979
-0.00680524, 0.13526011, 0.05624963
-0.99960327, -0.0077517, -0.02612384
0.43504131, 0.8595202
-0.00713169, 0.17732936, 0.05622434
-0.99960327, -0.0077517, -0.02612384
0.50136638, 0.90171342
0.00513688, 0.14206555, 0.06719647
-0.00955229, -0.79723501, 0.60356456
0.79484099, 0.21127391
-0.00746034, 0.15080571, 0.07668428
-0.01196326, -0.73589283, 0.6769616
0.81779617, 0.23394984
-0.00713521, 0.14197013, 0.06687564
-0.00955229, -0.79723501, 0.60356456
0.81779617, 0.21127391
-0.00713521, 0.14197013, 0.06687564
-0.99960327, -0.0077517, -0.02612384
0.43492231, 0.88296849
-0.00749597, 0.1884554, 0.0668492
-0.99960327, -0.0077517, -0.02612384
0.50820798, 0.92959311
-0.00713169, 0.17732936, 0.05622434
0.0135197, 0.69078648, -0.72289193
0.45787755, 0.09510851
0.00477612, 0.18855081, 0.06717003
0.01425214, 0.66801965, -0.74398023
0.43492231, 0.07529533
0.0051404, 0.17742479, 0.05654517
0.0135197, 0.69078648, -0.72289193
0.43492231, 0.09510845
-0.00765209, 0.19369246, 0.07126312
0.01480148, 0.64931178, -0.76036865
0.45787755, 0.06591851
0.00444287, 0.19962174, 0.07662443
0.0146794, 0.65395063, -0.75637072
0.43492231, 0.05548382
0.00462001, 0.19378787, 0.07158396
0.01480148, 0.64931178, -0.76036865
0.43492231, 0.06591851
-0.00749597, 0.1884554, 0.0668492
0.01425214, 0.66801965, -0.74398023
0.45787755, 0.07529533
-0.00746034, 0.15080571, 0.07668428
-0.99960327, -0.0077517, -0.02612384
0.43897572, 0.90726509
-0.00765209, 0.19369246, 0.07126312
-0.99960327, -0.0077517, -0.02612384
0.51201934, 0.94179256
-0.00774931, 0.15892959, 0.08532127
-0.99960327, -0.0077517, -0.02612384
0.44308656, 0.92900446
-0.00782922, 0.19952632, 0.07630359
-0.99960327, -0.0077517, -0.02612384
0.5161407, 0.95557658
0.00481175, 0.15090114, 0.07700512
-0.01196326, -0.73589283, 0.6769616
0.79484093, 0.23394984
-0.00774931, 0.15892959, 0.08532127
-0.01309244, -0.7030549, 0.7109592
0.81779617, 0.25412607
-0.00821543, 0.17359181, 0.09878993
-0.01910459, -0.48353526, 0.87508774
0.96983194, 0.44039792
0.00385974, 0.18255396, 0.10400592
-0.01910459, -0.48353526, 0.87508774
0.95333391, 0.41749948
-0.00841236, 0.18245855, 0.10368508
-0.01910459, -0.48353526, 0.87508774
0.95333397, 0.44039792
-0.00821543, 0.17359181, 0.09878993
-0.99960327, -0.0077517, -0.02612384
0.45263919, 0.96490672
-0.00786293, 0.19979493, 0.07751314
-0.99960327, -0.0077517, -0.02612384
0.51534671, 0.95774855
0.00452278, 0.15902501, 0.0856421
-0.01309244, -0.70308542, 0.7109592
0.79484093, 0.25412607
-0.00821543, 0.17359181, 0.09878993
-0.01397748, -0.67665637, 0.73613697
0.81779617, 0.28680187
0.00444287, 0.19962174, 0.07662443
-0.00189215, 0.97619557, -0.21677297
0.63584572, 0.08915877
-0.00786293, 0.19979493, 0.07751314
0.00436415, 0.90029603, -0.43522447
0.61289048, 0.0913955
0.00440916, 0.19989035, 0.07783398
0.00436415, 0.90029603, -0.43519396
0.63584572, 0.0913955
0.00385974, 0.18255396, 0.10400592
-0.0212714, 0.82164985, 0.56956697
0.63584572, 0.14138812
-0.00788062, 0.20023753, 0.07805794
-0.00677511, 0.99923706, -0.03796503
0.61289048, 0.09238082
-0.00841236, 0.18245855, 0.10368508
-0.0212714, 0.82164985, 0.56956697
0.61289048, 0.14138812
0.00439147, 0.20033294, 0.07837877
-0.00677511, 0.99923706, -0.03799554
0.63584572, 0.09238082
-0.00841236, 0.18245855, 0.10368508
-0.99960327, -0.0077517, -0.02612384
0.46168649, 0.98150684
-0.00788062, 0.20023753, 0.07805794
-0.99960327, -0.0077517, -0.02612384
0.51549602, 0.95904971
-0.00476056, 0.09516015, -0.01003376
-0.99960327, -0.0077517, -0.02612384
0.1466839, 0.42698139
-0.00494434, 0.11056314, -0.00758557
-0.99960327, -0.0077517, -0.02612384
0.13679376, 0.45434988
-0.00488006, 0.11056211, -0.01004381
-0.99960327, -0.0077517, -0.02612384
0.14131106, 0.45520568
-0.00463592, 0.09515816, -0.01480097
-0.99960327, -0.0077517, -0.02612384
0.1554442, 0.42864108
-0.00475542, 0.11056013, -0.01481102
-0.99960327, -0.0077517, -0.02612384
0.15007135, 0.45686537
0.00707361, 0.09526254, 0.00703582
-0.02612384, 0.00042726, 0.99963379
0.6736393, 0.11703128
-0.00531798, 0.11056907, 0.00670493
-0.02612384, 0.00042726, 0.99963379
0.69659454, 0.14575893
-0.00519849, 0.09516712, 0.00671499
-0.02612384, 0.00042726, 0.99963379
0.69659454, 0.11703128
-0.00434327, 0.09517361, -0.02599938
-0.99960327, -0.0077517, -0.02612384
0.17601554, 0.43257666
-0.00446292, 0.11059519, -0.02600944
-0.99960327, -0.0077517, -0.02612384
0.17063585, 0.46083689
-0.00434327, 0.09517361, -0.02599938
0.02612384, -0.00042726, -0.99963379
0.63656121, 0.44219857
0.00780917, 0.11069062, -0.0256886
0.02612384, -0.00042726, -0.99963379
0.61360604, 0.41346353
0.00792882, 0.09526902, -0.02567855
0.02612384, -0.00042726, -0.99963379
0.61360604, 0.44219857
-0.00488911, 0.09516218, -0.0051173
-0.99960327, -0.0077517, -0.02612384
0.13764936, 0.42526972
-0.00531798, 0.11056907, 0.00670493
-0.99960327, -0.0077517, -0.02612384
0.1105333, 0.44937462
-0.00500861, 0.11056416, -0.00512736
-0.99960327, -0.0077517, -0.02612384
0.13227651, 0.45349401
-0.00482484, 0.09516117, -0.00757553
-0.99960327, -0.0077517, -0.02612384
0.14216661, 0.42612559
-0.00560977, 0.11680251, 0.01601197
-0.99960327, -0.0077517, -0.02612384
0.09124995, 0.45754868
-0.00536631, 0.11679832, 0.00670087
-0.99960327, -0.0077517, -0.02612384
0.10836029, 0.46078974
-0.00446292, 0.11059519, -0.02600944
0.02612384, -0.00042726, -0.99963379
0.63656121, 0.41346353
0.00664871, 0.11066821, 0.01633525
-0.02612384, 0.00042726, 0.99963379
0.03018656, 0.02045292
-0.00560977, 0.11680251, 0.01601197
-0.02612384, 0.00042726, 0.99963379
0.01853904, 0.04323578
-0.00556144, 0.11057327, 0.01601603
-0.02612384, 0.00042726, 0.99963379
0.03018656, 0.04323578
0.00690578, 0.11689374, 0.0070217
-0.0077517, 0.99996948, -0.00064089
0.95333391, 0.47738427
-0.00560977, 0.11680251, 0.01601197
-0.0077517, 0.99996948, -0.00064089
0.97073776, 0.50028268
0.00666233, 0.11689793, 0.0163328
-0.0077517, 0.99996948, -0.00064089
0.97073776, 0.47738427
-0.00531798, 0.11056907, 0.00670493
0.0077517, -0.99996948, 0.00064089
0.95333391, 0.3576147
0.00664871, 0.11066821, 0.01633525
0.0077517, -0.99996948, 0.00064089
0.96980202, 0.38039756
-0.00556144, 0.11057327, 0.01601603
0.0077517, -0.99996948, 0.00064089
0.96980202, 0.3576147
-0.00519849, 0.09516712, 0.00671499
-0.99960327, -0.0077517, -0.02612384
0.11590615, 0.42115033
0.00804847, 0.07984744, -0.02566849
0.02612384, -0.00225837, -0.99963379
0.61360604, 0.47093356
-0.00422362, 0.07975202, -0.02598932
-0.99960327, -0.0077517, -0.02612384
0.18139525, 0.40431643
0.0071931, 0.07986057, 0.00704588
-0.02612384, 0.00042726, 0.99963379
0.6736393, 0.08830363
-0.00507899, 0.07976515, 0.00672505
-0.02612384, 0.00042726, 0.99963379
0.69659454, 0.08830363
-0.00565516, 0.08336604, 0.02769311
-0.99960327, -0.0077517, -0.02612384
0.08149033, 0.39220792
-0.00549214, 0.07977377, 0.02252595
-0.99960327, -0.0077517, -0.02612384
0.09224226, 0.38742876
0.00673845, 0.07598045, 0.02559087
-0.01577807, -0.61592454, 0.78762168
0.6736393, 0.05131733
-0.00571728, 0.08239568, 0.03035758
-0.01577807, -0.61592454, 0.78762168
0.68660533, 0.0284189
-0.00553365, 0.07588503, 0.02527004
-0.01577807, -0.61592454, 0.78762168
0.6736393, 0.0284189
0.00655482, 0.0824911, 0.03067841
-0.02545244, -0.07449568, 0.99688709
0.93866026, 0.15872258
-0.0058262, 0.09359777, 0.03119215
-0.02633747, 0.03173925, 0.99914551
0.91570508, 0.13784242
-0.00571728, 0.08239568, 0.03035758
-0.02545244, -0.07449568, 0.99688709
0.91570508, 0.15872258
-0.0058262, 0.09359777, 0.03119215
-0.99960327, -0.0077517, -0.02612384
0.07147943, 0.40973449
-0.00573695, 0.09346384, 0.02781831
-0.99960327, -0.0077517, -0.02612384
0.07772564, 0.41066629
-0.00565516, 0.08336604, 0.02769311
0.02603229, 0.01260414, -0.99957275
0.73402661, 0.06622231
0.00653514, 0.09355927, 0.02813914
0.02636799, -0.03469954, -0.99902338
0.75698185, 0.08502614
0.00661693, 0.08346146, 0.02801394
0.02603229, 0.01260414, -0.99957275
0.75698185, 0.06622231
-0.00579948, 0.1045865, 0.02690168
-0.99960327, -0.0077517, -0.02612384
0.07551652, 0.43136597
-0.00583469, 0.10782745, 0.02728469
-0.99960327, -0.0077517, -0.02612384
0.07367829, 0.43717068
-0.00576121, 0.10627383, 0.02493628
-0.99960327, -0.0077517, -0.02612384
0.07853726, 0.43514335
0.00644589, 0.0936932, 0.03151298
-0.02633747, 0.03173925, 0.99914551
0.93866026, 0.13784242
-0.00587223, 0.10472038, 0.02964472
-0.02710044, 0.38370922, 0.92303234
0.91570508, 0.11707115
-0.00587223, 0.10472038, 0.02964472
-0.99960327, -0.0077517, -0.02612384
0.07042941, 0.43065423
-0.00579948, 0.1045865, 0.02690168
0.02679525, -0.4544206, -0.89037752
0.73402661, 0.10582948
0.00647262, 0.10468192, 0.02722252
0.02679525, -0.4544206, -0.89037752
0.75698185, 0.10582948
0.00651088, 0.10636925, 0.02525711
0.02362133, -0.72438735, -0.68895537
0.75698185, 0.10914308
0.0064374, 0.10792288, 0.02760552
-0.02548296, 0.60484636, 0.79589218
0.93866026, 0.11123693
-0.00583469, 0.10782745, 0.02728469
-0.02548296, 0.60484636, 0.79589218
0.91570508, 0.11123693
0.00651587, 0.11125397, 0.02361327
-0.01745659, 0.91851556, 0.39494002
0.86909139, 0.03596175
-0.00557344, 0.11201377, 0.01604661
-0.01077303, 0.99307227, 0.11691641
0.85548866, 0.05886018
-0.00575622, 0.11115855, 0.02329244
-0.01745659, 0.91851556, 0.39494002
0.86909139, 0.05886018
0.0064374, 0.10792288, 0.02760552
-0.02270577, 0.76781517, 0.6402173
0.87678355, 0.03596175
-0.00583469, 0.10782745, 0.02728469
-0.02270577, 0.76781517, 0.6402173
0.87678355, 0.05886018
-0.00571929, 0.10873738, 0.02260012
-0.99960327, -0.0077517, -0.02612384
0.08196755, 0.44047242
-0.00576121, 0.10627383, 0.02493628
0.02362133, -0.72438735, -0.68898588
0.73402661, 0.10914308
0.0065528, 0.10883281, 0.02292095
0.02429273, -0.68810081, -0.7251808
0.75698185, 0.11393499
-0.00557344, 0.11201377, 0.01604661
0.0262154, -0.01272622, -0.99957275
0.25440189, 0.04323578
0.00670845, 0.11079232, 0.01638449
0.0262154, -0.01272622, -0.99957275
0.2519407, 0.02033734
-0.00556365, 0.1106969, 0.01606365
0.0262154, -0.01272622, -0.99957275
0.2519407, 0.04323578
-0.00575622, 0.11115855, 0.02329244
-0.99960327, -0.0077517, -0.02612384
0.07984792, 0.4446671
-0.00556365, 0.1106969, 0.01606365
-0.99960327, -0.0077517, -0.02612384
0.0932922, 0.44634342
-0.00571929, 0.10873738, 0.02260012
0.01492355, -0.95785391, -0.28678244
0.0672646, 0.04323578
0.00670845, 0.11079232, 0.01638449
0.01492355, -0.95785391, -0.28678244
0.07762886, 0.02033734
0.0065528, 0.10883281, 0.02292095
0.01492355, -0.95785391, -0.28678244
0.0672646, 0.02033734
0.00664871, 0.11066821, 0.01633525
0.99957275, 0.00155644, 0.02862636
0.30161455, 0.61559537
0.00695411, 0.1106645, 0.00702577
0.99954224, 0.0077517, 0.02832118
0.31872484, 0.61235431
0.00690578, 0.11689374, 0.0070217
0.99942017, 0.01785333, 0.02810755
0.31655183, 0.60093915
-0.00561817, 0.07407469, 0.0290416
-0.99960327, -0.0077517, -0.02612384
0.08226487, 0.37471306
-0.00648114, 0.0589547, 0.06654764
-0.01944029, 0.87505722, 0.4835963
0.4957366, 0.2006129
0.00589192, 0.04452724, 0.06732608
-0.02172918, -0.35148168, 0.93591112
0.97629601, 0.83011907
0.00596876, 0.04140835, 0.06531446
-0.00509659, -0.88830227, 0.45921201
0.61289048, 0.26756263
-0.00638017, 0.04443181, 0.06700524
-0.99960327, -0.0077517, -0.02612384
0.02288404, 0.30715293
0.00673845, 0.07598045, 0.02559087
-0.01831111, 0.9015168, 0.4322947
0.51869184, 0.12248296
-0.00565516, 0.08336604, 0.02769311
0.00851466, 0.82116151, -0.57060456
0.91570508, 0.07425058
-0.00497493, 0.04663923, 0.01259712
0.00708029, -0.99963379, 0.02569658
0.63584572, 0.17837441
-0.0049333, 0.04433245, 0.01169081
-0.02200384, -0.33555102, 0.94174016
0.1654785, 0.01963031
0.00711457, 0.07986182, 0.0100496
-0.00772118, 0.99996948, -0.00091556
0.93866026, 0.04100299
0.00718968, -0.07813308, 0.05416777
0.02722251, -0.33579516, -0.94152653
0.87844384, 0.33256239
0.00836866, -0.08373724, 0.02538085
0.02716147, -0.20715964, -0.97790462
0.79510146, 0.98150684
0.00901339, -0.08646443, 0.00153088
-0.00476089, 0.99349958, -0.11371197
0.91659904, 0.7104786
0.00846693, 0.00083667, -0.00353222
0.0258797, 0.02636799, -0.9992981
0.79510146, 0.68300658
0.00833197, 0.03945771, -0.00985666
0.02716147, -0.16144292, -0.9864803
0.91570508, 0.29557604
0.00736235, 0.04213283, 0.0112774
-0.0270394, 0.33582568, 0.94152653
0.91626275, 0.98150684
0.00775473, 0.04213588, 0.01128766
0.02722251, -0.33579516, -0.94152653
0.91552192, 0.33256239
-0.00490975, -0.0829173, 0.04863704
0.00573748, -0.99700916, 0.07675405
0.87952101, 0.7104786
-0.00398704, -0.01415631, -0.00710822
0.02682577, -0.11380352, -0.99313331
0.75769734, 0.15092134
0.00756858, -0.07813013, 0.05417767
0.01165807, 0.74343091, -0.66869104
0.73518771, 0.59975433
-0.00469643, 0.16857591, -0.03432266
0.00625629, -0.99832147, 0.05710013
0.968445, 0.23528004
-0.0059039, 0.1858916, 0.00671383
-0.99960327, -0.0077517, -0.02612384
0.084151, 0.58738378
-0.00491643, 0.1690478, -0.02604757
0.02612384, -0.00042726, -0.99963379
0.63656121, 0.30454892
-0.00469643, 0.16857591, -0.03432266
0.02600177, 0.01443525, -0.99954224
0.45806065, 0.20037639
-0.00507512, 0.20523153, -0.03073974
0.02609333, 0.0019837, -0.99963379
0.878627, 0.29557604
0.00725922, 0.18598063, -0.01447271
-0.02618488, 0.01013215, 0.99960327
0.67380607, 0.5973365
-0.00553064, 0.21078698, -0.0149679
-0.99960327, -0.0077517, -0.02612384
0.11527611, 0.64056414
0.00664687, 0.26489764, -0.01452162
-0.02612384, 0.00039674, 0.99963379
0.75802338, 0.83431153
0.00606522, 0.26489913, -0.00484654
-0.02612384, 0.00039674, 0.99963379
0.63656127, 0.83431153
0.0059939, 0.26504189, 0.00508313
-0.02630696, 0.02453688, 0.99932861
0.85585028, 0.98150684
0.00725922, 0.18598063, -0.01447271
-0.02609333, 0.00039674, 0.99963379
0.57581246, 0.29575384
-0.00559452, 0.1858867, -0.00511846
0.02612384, -0.00039674, -0.99963379
0.55321884, 0.58469468
0.00620852, 0.26503676, -0.00484277
-0.00753807, 0.99996948, -0.00067141
0.79484093, 0.03072941
0.0059939, 0.26504189, 0.00508313
-0.01342814, -0.08584857, 0.9962157
0.0, 1.0
-0.00664419, 0.32116309, -0.00520221
0.02612384, -0.00039674, -0.99963379
0.55321872, 0.8367545
0.0064367, 0.30454463, -0.01486415
-0.02609333, -0.00305185, 0.99963379
0.43492231, 0.311396
-0.00693719, 0.39175579, -0.01499084
0.02612384, -0.00042726, -0.99963379
0.81841046, 0.32378823
-0.00638645, 0.32084134, -0.01496522
0.02606281, 0.00689718, -0.99963379
0.51947284, 0.3696537
0.00630058, 0.32107809, -0.01457486
-0.02612384, 0.00042726, 0.99963379
0.6736393, 0.84931824
0.00581715, 0.32125995, -0.00487643
-0.02603229, 0.00039674, 0.99963379
0.67363936, 0.41545057
-0.0059528, 0.26475659, -0.01487176
0.02618488, -0.00796533, -0.99960327
0.51947284, 0.47416121
0.00634673, 0.30458701, -0.01484574
-0.02612384, -0.00308237, 0.99963379
0.5751754, 0.22819096
-0.00595368, 0.26479965, -0.01485104
0.02618488, -0.00793481, -0.99960327
0.81841058, 0.56035018
-0.00638645, 0.32084134, -0.01496522
0.01049837, 0.77446824, -0.63249612
0.95333391, 0.53726903
0.00630753, 0.31279132, -0.02461078
0.01086459, 0.77446824, -0.63249612
0.97140539, 0.56035018
-0.00606249, 0.31269518, -0.02493417
0.02471999, 0.14340648, -0.98934907
0.878627, 0.09584659
-0.00638645, 0.32084134, -0.01496522
-0.99960327, -0.0077517, -0.02612384
0.07674769, 0.842214
0.0051966, 0.39341351, -0.00984457
0.0013123, 0.94354075, -0.33115634
0.62170225, 0.02927399
0.00522099, 0.39198843, -0.01461431
-0.0179754, -0.09570605, 0.99523914
0.97573835, 0.03376091
0.00506846, 0.39194414, -0.01463905
-0.01876888, -0.08578753, 0.99612415
0.43492231, 0.01849318
0.00505838, 0.37767574, -0.01461217
0.02612384, -0.00042726, -0.99963379
0.97734785, 0.68381372
0.00462001, 0.19378787, 0.07158396
0.99960327, 0.0077517, 0.02612384
0.51201934, 0.55086178
0.00405666, 0.17368725, 0.09911077
0.99960327, 0.0077517, 0.02612384
0.45263919, 0.52774766
0.00444287, 0.19962174, 0.07662443
0.99960327, 0.0077517, 0.02612384
0.5161407, 0.53707778
0.00440916, 0.19989035, 0.07783398
0.99960327, 0.0077517, 0.02612384
0.51534671, 0.53490579
0.00439147, 0.20033294, 0.07837877
0.99960327, 0.0077517, 0.02612384
0.51549602, 0.53360465
0.00385974, 0.18255396, 0.10400592
0.99960327, 0.0077517, 0.02612384
0.46168649, 0.51114753
0.00481175, 0.15090114, 0.07700512
0.99960327, 0.0077517, 0.02612384
0.43897572, 0.58538926
0.00513688, 0.14206555, 0.06719647
0.99960327, 0.0077517, 0.02612384
0.43492231, 0.6096859
0.00552925, 0.16809689, 0.04444604
0.99960327, 0.0077517, 0.02612384
0.49884215, 0.61933416
0.00546686, 0.13535553, 0.05657046
0.99960327, 0.0077517, 0.02612384
0.43504131, 0.63313416
0.00582648, 0.12978941, 0.04447035
0.99960327, 0.0077517, 0.02612384
0.43844655, 0.65775248
0.00590074, 0.16154909, 0.03218352
0.99960327, 0.0077517, 0.02612384
0.50086379, 0.6451934
0.00618145, 0.12536784, 0.03220728
0.99960327, 0.0077517, 0.02612384
0.44381955, 0.68147811
0.00650116, 0.12340693, 0.02056142
0.99960327, 0.0077517, 0.02612384
0.45244932, 0.70176277
0.00623834, 0.15728611, 0.02053827
0.99960327, 0.0077517, 0.02612384
0.50586492, 0.66778815
0.00689215, 0.1186507, 0.00702056
0.99960327, 0.0077517, 0.02612384
0.45858088, 0.72783402
0.0066089, 0.15515909, 0.00699672
0.99960327, 0.0077517, 0.02612384
0.5161407, 0.69122103
-0.00693892, 0.3918508, -0.01495296
0.02612384, -0.00042726, -0.99963379
0.75776285, 0.32353586
0.00514633, 0.38332084, -0.00491992
-0.02612384, 0.00039674, 0.99963379
0.63656127, 0.61343235
0.00544333, 0.37767872, -0.0146021
-0.02612384, 0.00042726, 0.99963379
0.91659904, 0.60251859
-0.00724593, 0.39871272, -0.00525036
-0.99960327, -0.0077517, -0.02612384
0.03163875, 0.98150684
-0.0062516, 0.36937103, -0.03455748
0.99960327, 0.0077517, 0.02612384
0.50529379, 0.08549279
-0.00631519, 0.37757441, -0.0345649
0.0077517, -0.99996948, 0.00064089
0.97670823, 0.87288946
0.00621061, 0.32112047, -0.01455647
-0.02615436, 0.00042726, 0.99963379
0.75802338, 0.72944519
0.0062409, 0.36946818, -0.03423089
-0.02612384, 0.00067141, 0.99963379
0.95352387, 0.29557604
0.0060205, 0.36946645, -0.03423665
0.69014555, -0.01330607, -0.7235328
0.30395168, 0.12375885
0.00609475, 0.36714461, -0.01892167
-0.01702933, 0.92608416, 0.37684256
0.95334077, 0.95281336
0.00563851, 0.36714104, -0.0189336
0.01321451, -0.97705007, -0.21250038
0.0, 1.0
-0.00672547, 0.36426881, -0.01491421
0.99960327, 0.0077517, 0.02612384
0.4957366, 0.04884785
-0.00682876, 0.3775833, -0.01492293
0.0077517, -0.99996948, 0.00064089
0.97670823, 0.90754327
0.00554663, 0.36436424, -0.01459338
-0.02056948, 0.84237188, 0.53849912
0.95418566, 0.76000954
0.00622878, 0.36833867, -0.02440346
-0.01388592, 0.97061068, 0.24018067
0.95334077, 0.96311666
0.0059511, 0.37767288, -0.0295589
-0.00762963, 0.99996948, -0.00064089
0.9762494, 0.09865505
-0.00372902, -0.06818222, -0.00090904
0.02682577, -0.11380352, -0.99313331
0.75769734, 0.2521199
0.00512462, 0.39440712, -0.00738661
0.01901303, 0.48768577, -0.87276834
0.21486264, 0.04323578
0.00683021, 0.11865023, 0.00701893
0.00827052, -0.4423658, -0.89678639
0.73402661, 0.02923596
0.00690578, 0.11689374, 0.0070217
-0.02612384, 0.00042726, 0.99963379
0.97991753, 0.60631207
0.00654696, 0.15515861, 0.0069951
0.02612384, -0.00042726, -0.99963379
0.57529128, 0.0491454
-0.00637135, 0.16145366, 0.03186269
0.00357067, 0.91283911, -0.40827662
0.6736393, 0.22926736
-0.00537995, 0.11855529, 0.00669972
-0.99960327, -0.0077517, -0.02612384
0.45858088, 0.76482034
-0.0056632, 0.15506366, 0.00667588
-0.00360118, 0.98785365, -0.15524766
0.6736393, 0.18274522
0.00582648, 0.12978941, 0.04447035
-0.00268563, -0.92544329, 0.37879574
0.79484099, 0.16371912
-0.00782922, 0.19952632, 0.07630359
0.0146794, 0.65395063, -0.75637072
0.45787755, 0.05548382
0.00405666, 0.17368725, 0.09911077
-0.01910459, -0.48353526, 0.87508774
0.96983194, 0.41749942
0.00405666, 0.17368725, 0.09911077
-0.01397748, -0.67665637, 0.73613697
0.79484093, 0.28680187
-0.00782922, 0.19952632, 0.07630359
-0.00189215, 0.97616506, -0.21686453
0.61289048, 0.08915877
0.00695411, 0.1106645, 0.00702577
-0.02612384, 0.00042726, 0.99963379
0.6736393, 0.14575893
-0.00556144, 0.11057327, 0.01601603
-0.99960327, -0.0077517, -0.02612384
0.09342297, 0.44613355
0.00666233, 0.11689793, 0.0163328
-0.02612384, 0.00042726, 0.99963379
0.01853902, 0.02033734
-0.00536631, 0.11679832, 0.00670087
-0.0077517, 0.99996948, -0.00064089
0.95333391, 0.50028268
0.00695411, 0.1106645, 0.00702577
0.0077517, -0.99996948, 0.00064089
0.95333391, 0.38051313
-0.00571728, 0.08239568, 0.03035758
-0.99960327, -0.0077517, -0.02612384
0.07693411, 0.38950026
0.00655482, 0.0824911, 0.03067841
-0.01577807, -0.61592454, 0.78762168
0.68660533, 0.05131733
-0.00573695, 0.09346384, 0.02781831
0.02636799, -0.03469954, -0.99902338
0.73402661, 0.08502614
0.00639986, 0.10481582, 0.02996555
-0.02710044, 0.38370922, 0.92303234
0.93866026, 0.11707115
0.00669865, 0.11210918, 0.01636744
-0.01077303, 0.99307227, 0.11691641
0.85548866, 0.03596175
-0.00571929, 0.10873738, 0.02260012
0.02429273, -0.68810081, -0.7251808
0.73402661, 0.11393499
0.00669865, 0.11210918, 0.01636744
0.0262154, -0.01272622, -0.99957275
0.25440189, 0.02033734
-0.00557344, 0.11201377, 0.01604661
-0.99960327, -0.0077517, -0.02612384
0.09286255, 0.4487623
-0.00556365, 0.1106969, 0.01606365
0.01492355, -0.95785391, -0.28678244
0.07762886, 0.04323578
0.00693076, 0.04930174, 0.02616966
0.99960327, 0.0077517, 0.02612384
0.30502808, 0.73146781
0.00704102, 0.04779932, 0.02239897
0.99960327, 0.0077517, 0.02612384
0.31248254, 0.73290503
0.00673845, 0.07598045, 0.02559087
0.99960327, 0.0077517, 0.02612384
0.2967529, 0.68238291
0.00716703, 0.0468608, 0.01785835
0.99960327, 0.0077517, 0.02612384
0.3211543, 0.73304039
0.00729717, 0.04673466, 0.01291795
0.99945068, 0.01001007, 0.03094577
0.33027628, 0.73154774
0.00775473, 0.04213588, 0.01128766
0.99548328, 0.09384441, 0.01272622
0.33490077, 0.73940715
0.00756858, -0.07813013, 0.05417767
0.99963379, -0.02243111, 0.01297037
0.29818982, 0.97473342
0.00807092, 0.00083359, -0.00354257
0.99984741, 0.00366222, 0.01690725
0.37658861, 0.80990815
0.00734887, -0.08282198, 0.04895752
0.99899286, -0.04278695, 0.01132237
0.30940425, 0.98150684
0.00854307, -0.06808679, -0.0005882
0.99960327, 0.01312296, 0.02377392
0.39528579, 0.93722072
0.00827158, -0.01406099, -0.00678774
0.99972534, 0.00854518, 0.02050844
0.38776526, 0.83606698
0.00901339, -0.08646443, 0.00153088
0.99902338, 0.02932829, 0.0328074
0.39784425, 0.97163513
0.00845529, -0.04970615, -0.00269728
0.99978638, 0.00723289, 0.01919614
0.39272714, 0.9028063
0.0073388, 0.04442788, 0.01201164
0.99780267, 0.05783258, 0.03213599
0.33274907, 0.7354582
0.00833197, 0.03945771, -0.00985666
0.99923706, 0.02441481, 0.03042695
0.37469047, 0.73693681
0.00823342, 0.05571375, -0.02556486
0.9994812, 0.01507614, 0.02783288
0.39784423, 0.70166838
0.00804847, 0.07984744, -0.02566849
0.99960327, 0.0077517, 0.02612384
0.38958684, 0.65741247
0.0071931, 0.07986057, 0.00704588
0.99960327, 0.0077517, 0.02612384
0.32947057, 0.66880286
0.00792882, 0.09526902, -0.02567855
0.99960327, 0.0077517, 0.02612384
0.3842071, 0.62915224
0.00707361, 0.09526254, 0.00703582
0.99960327, 0.0077517, 0.02612384
0.32409769, 0.64057857
0.00780917, 0.11069062, -0.0256886
0.99960327, 0.0077517, 0.02612384
0.37882736, 0.60089201
0.00776078, 0.11692779, -0.02569267
0.99960327, 0.0077517, 0.02612384
0.37665159, 0.58946234
0.00774713, 0.11868699, -0.02569382
0.99957275, 0.00836207, 0.02710044
0.3760379, 0.58623856
0.00746352, 0.15524186, -0.02571767
0.99957275, 0.00720237, 0.02731407
0.36328596, 0.51925135
0.00654696, 0.15515861, 0.0069951
0.99957275, 0.00552385, 0.02801599
0.30320328, 0.53081751
0.00735566, 0.16914321, -0.02572674
0.99957275, -0.00433363, 0.02880947
0.35843658, 0.49377698
0.00650118, 0.16904277, 0.00698765
0.99960327, 0.0061037, 0.02682577
0.29836002, 0.5053755
0.00725922, 0.18598063, -0.01447271
0.99865717, 0.0011597, 0.05157628
0.33188039, 0.46685445
0.00757567, 0.16867134, -0.03400183
0.99981689, -0.00262459, 0.01852474
0.37380698, 0.49175429
0.00711457, 0.07986182, 0.0100496
0.99960327, 0.0077517, 0.02612384
0.32395089, 0.66984859
0.00679725, 0.04815104, 0.03161876
0.99960327, 0.0077517, 0.02612384
0.29541832, 0.73547748
0.00644566, 0.06894968, 0.03888129
0.99960327, 0.0077517, 0.02612384
0.27479324, 0.69990245
0.00737481, 0.20534296, -0.03347735
0.99972534, 0.01251259, 0.01882992
0.36001161, 0.42474502
0.00608388, 0.03943472, 0.06149804
0.99960327, 0.0077517, 0.02612384
0.24356712, 0.7618735
0.00622034, 0.03927755, 0.05632529
0.99960327, 0.0077517, 0.02612384
0.25312692, 0.76035663
0.0058346, 0.04947159, 0.06804813
0.99960327, 0.0077517, 0.02612384
0.22801818, 0.74576852
0.00631016, 0.04088202, 0.05241241
0.99960327, 0.0077517, 0.02612384
0.25975507, 0.75605156
0.00589192, 0.04452724, 0.06732608
0.99960327, 0.0077517, 0.02612384
0.23107569, 0.75457604
0.00596876, 0.04140835, 0.06531446
0.99960327, 0.0077517, 0.02612384
0.23586369, 0.75958884
0.00580074, 0.05502908, 0.06769013
0.99960327, 0.0077517, 0.02612384
0.22673066, 0.73546073
0.00595857, 0.06168066, 0.05967494
0.99960327, 0.0077517, 0.02612384
0.23912999, 0.72047654
0.00586262, 0.06086495, 0.06358761
0.99960327, 0.0077517, 0.02612384
0.2322261, 0.72333631
0.00579096, 0.05905013, 0.06686847
0.99960327, 0.0077517, 0.02612384
0.2268329, 0.72780633
0.0072949, 0.20532772, -0.03041634
0.99935913, 0.0155034, 0.03131199
0.35439241, 0.42584097
0.0072512, 0.21091448, -0.03040639
0.99951172, 0.0052797, 0.03048799
0.35241854, 0.41560793
0.00678515, 0.20529567, -0.01465702
0.99942017, 0.00778222, 0.0323191
0.32544142, 0.43139786
0.00676799, 0.26624715, -0.02838035
0.99993896, 0.00720237, 0.00830103
0.32932699, 0.31492966
0.00664774, 0.26485455, -0.01454234
0.99990845, 0.00634785, 0.01144444
0.30439916, 0.32231081
0.00674145, 0.21088241, -0.01464707
0.99945068, 0.00469985, 0.0323191
0.32346755, 0.42116481
0.00640776, 0.30411941, -0.02586538
0.99990845, 0.01074252, -0.00302133
0.3114489, 0.24641448
0.0064367, 0.30454463, -0.01486415
0.99984741, 0.01657155, 0.00350963
0.29110172, 0.24947548
0.00630753, 0.31279132, -0.02461078
0.99963379, 0.02478103, 0.00772118
0.30610812, 0.23096281
0.00587354, 0.32093665, -0.0146447
0.99926758, 0.0341197, 0.01562548
0.28493893, 0.21951497
0.00665392, 0.07417012, 0.02936243
0.99960327, 0.0077517, 0.02612384
0.29045647, 0.68701589
0.00644589, 0.0936932, 0.03151298
0.99960327, 0.0077517, 0.02612384
0.27967101, 0.65199444
0.00655482, 0.0824911, 0.03067841
0.99960327, 0.0077517, 0.02612384
0.2851257, 0.67222866
0.00661693, 0.08346146, 0.02801394
0.99960327, 0.0077517, 0.02612384
0.28968191, 0.669521
0.0064374, 0.10792288, 0.02760552
0.99960327, 0.0077517, 0.02612384
0.28186986, 0.62455827
0.00639986, 0.10481582, 0.02996555
0.99960327, 0.0077517, 0.02612384
0.27862099, 0.63107473
0.00647262, 0.10468192, 0.02722252
0.99960327, 0.0077517, 0.02612384
0.2837081, 0.63036299
0.00653514, 0.09355927, 0.02813914
0.99960327, 0.0077517, 0.02612384
0.28591722, 0.65106267
0.00669865, 0.11210918, 0.01636744
0.99960327, 0.0077517, 0.02612384
0.30105412, 0.61296666
0.00651587, 0.11125397, 0.02361327
0.99960327, 0.0077517, 0.02612384
0.28803948, 0.61706182
0.00670845, 0.11079232, 0.01638449
0.99960327, 0.0077517, 0.02612384
0.30148375, 0.61538547
0.0065528, 0.10883281, 0.02292095
0.99960327, 0.0077517, 0.02612384
0.29015911, 0.62125653
0.00651088, 0.10636925, 0.02525711
0.99960327, 0.0077517, 0.02612384
0.28672883, 0.62658557
0.00690117, 0.18992117, -0.01452215
0.99319434, 0.07031465, 0.09274575
0.33057532, 0.45961529
0.00667757, 0.18598212, -0.00479763
0.99923706, 0.00262459, 0.03823969
0.31408566, 0.47022575
0.00705399, 0.07986419, 0.01236595
0.99960327, 0.0077517, 0.02612384
0.31969383, 0.67065248
0.00677995, 0.0798692, 0.02284679
0.99960327, 0.0077517, 0.02612384
0.30043384, 0.67430019
0.00630632, 0.26489499, -0.01453052
0.99957275, 0.00958281, 0.02676473
0.30434608, 0.32223904
0.00606522, 0.26489913, -0.00484654
0.99960327, 0.0097354, 0.02624592
0.28655124, 0.3256104
0.00621061, 0.32112047, -0.01455647
0.99813837, 0.00854518, 0.05999939
0.28472957, 0.21921068
0.00562896, 0.32112196, -0.00488139
0.99838251, 0.00833155, 0.05569628
0.26693493, 0.2225821
0.00563851, 0.36714104, -0.0189336
0.9967345, 0.02224799, 0.07742546
0.27664679, 0.13335907
0.00622878, 0.36833867, -0.02440346
0.99719232, 0.03695792, 0.06466872
0.28630129, 0.12925857
0.00555679, 0.37767676, -0.01894161
0.99612415, 0.02395703, 0.08429212
0.2729736, 0.11405188
0.00635324, 0.36961213, -0.02954266
0.99932861, 0.03530991, 0.00747703
0.29529864, 0.12513202
0.00570012, 0.37767431, -0.02442309
0.99783319, 0.0590228, 0.02822962
0.28304648, 0.11214387
0.00583448, 0.37767199, -0.02956195
0.99667346, 0.06424146, 0.04950102
0.29248986, 0.11035508
0.00554663, 0.36436424, -0.01459338
0.9992981, 0.02319407, 0.02880947
0.26964375, 0.1399613
0.00505838, 0.37767574, -0.01461217
0.99945068, 0.01098666, 0.03042695
0.2649993, 0.11556232
0.00522099, 0.39198843, -0.01461431
0.99996948, -0.00631733, 0.00204474
0.26000702, 0.08933818
0.00514633, 0.38332084, -0.00491992
0.99996948, -0.00073244, 0.00070193
0.24523348, 0.10860264
0.0051966, 0.39341351, -0.00984457
0.99987793, 0.00244148, 0.01519822
0.2507495, 0.08839172
0.00525995, 0.3686792, -0.00491084
0.99975586, 0.01849422, 0.01092563
0.25034201, 0.13543355
0.00512462, 0.39440712, -0.00738661
0.99905396, 0.01123081, 0.04174932
0.24588528, 0.08742881
0.00494112, 0.39880744, -0.00493175
0.99859613, 0.01324503, 0.05084383
0.23982991, 0.08022213
0.0062534, 0.26503709, -0.0048416
0.99963379, 0.00537126, 0.02612384
0.28650343, 0.32536036
0.0059939, 0.26504189, 0.00508313
0.99963379, 0.00537126, 0.02612384
0.26826534, 0.32881439
0.0063682, 0.18598703, 0.00703466
0.99963379, 0.00656148, 0.02612384
0.29234245, 0.47434521
0.00683021, 0.11865023, 0.00701893
0.99926758, 0.0253914, 0.02801599
0.31593892, 0.59771949
0.00666233, 0.11689793, 0.0163328
0.99963379, -0.00216681, 0.02612384
0.29944149, 0.60418025
# Number of Faces:
794
# Face Data:
0, 1, 2
3, 4, 5
6, 7, 8
9, 10, 4
11, 12, 13
3, 14, 15
1, 16, 2
6, 11, 13
17, 18, 16
15, 19, 20
21, 22, 23
19, 24, 20
25, 26, 12
27, 28, 29
22, 30, 31
32, 30, 28
33, 34, 24
35, 36, 7
0, 37, 38
39, 40, 41
10, 42, 43
44, 41, 36
45, 46, 37
47, 48, 49
42, 50, 43
51, 52, 53
54, 55, 56
57, 52, 58
59, 60, 40
50, 61, 62
47, 63, 64
65, 66, 67
62, 68, 69
63, 70, 64
66, 71, 72
69, 73, 74
70, 75, 76
77, 78, 79
73, 80, 74
81, 56, 82
83, 84, 85
86, 87, 88
89, 90, 91
91, 92, 93
94, 95, 95
96, 97, 97
96, 97, 97
79, 98, 99
100, 101, 102
103, 104, 105
106, 107, 108
108, 109, 110
74, 100, 102
111, 96, 96
82, 112, 113
111, 96, 96
114, 78, 115
116, 117, 118
119, 120, 120
119, 120, 120
121, 122, 123
124, 125, 126
127, 128, 129
130, 131, 132
133, 97, 134
135, 136, 137
134, 97, 133
138, 139, 140
141, 142, 143
78, 144, 98
118, 145, 146
113, 147, 148
120, 139, 139
120, 139, 139
149, 150, 104
151, 152, 153
95, 142, 142
154, 155, 156
157, 158, 84
159, 157, 84
160, 161, 162
163, 164, 165
166, 167, 168
169, 170, 171
172, 173, 173
174, 175, 176
84, 174, 85
177, 178, 167
165, 169, 171
179, 180, 181
182, 183, 184
185, 186, 187
188, 189, 190
191, 188, 190
192, 193, 194
195, 196, 197
194, 198, 192
199, 200, 200
201, 199, 201
202, 203, 204
185, 205, 206
205, 207, 208
198, 209, 210
186, 207, 187
200, 211, 211
212, 213, 189
214, 172, 172
215, 216, 217
218, 219, 220
221, 222, 178
158, 223, 224
225, 226, 227
228, 229, 230
176, 231, 232
219, 233, 234
235, 236, 237
238, 239, 238
239, 240, 239
241, 242, 243
239, 244, 239
236, 245, 241
238, 239, 238
246, 247, 248
229, 249, 230
250, 251, 252
253, 247, 254
172, 255, 255
256, 257, 258
216, 259, 260
261, 262, 213
263, 264, 264
265, 266, 266
267, 268, 269
249, 270, 271
272, 266, 266
173, 273, 273
274, 275, 276
277, 278, 251
279, 280, 281
282, 283, 262
284, 251, 285
227, 286, 287
238, 288, 288
172, 173, 173
238, 288, 288
289, 277, 250
255, 265, 265
257, 274, 274
290, 291, 292
293, 294, 207
295, 296, 297
211, 298, 298
172, 299, 299
300, 257, 301
302, 303, 304
210, 305, 306
207, 307, 208
308, 272, 308
309, 310, 311
312, 311, 310
291, 279, 292
313, 314, 294
296, 315, 316
298, 308, 308
299, 272, 272
257, 276, 301
305, 317, 306
294, 318, 307
303, 269, 304
319, 320, 321
322, 323, 322
322, 323, 324
264, 264, 264
325, 326, 325
327, 264, 328
329, 325, 326
326, 329, 326
330, 331, 330
288, 332, 332
333, 268, 334
335, 336, 337
338, 339, 340
277, 341, 342
343, 344, 247
345, 346, 347
348, 349, 350
274, 351, 352
285, 278, 353
247, 354, 254
355, 356, 357
288, 332, 332
283, 358, 359
360, 357, 361
362, 363, 364
365, 345, 366
367, 368, 369
370, 371, 371
173, 372, 372
259, 373, 374
233, 366, 234
260, 374, 375
231, 361, 232
376, 377, 378
379, 380, 381
371, 382, 382
383, 368, 384
385, 386, 387
385, 388, 389
390, 382, 382
391, 392, 392
393, 394, 395
396, 397, 398
399, 400, 401
402, 403, 403
404, 405, 406
407, 408, 409
410, 411, 407
412, 413, 404
372, 402, 402
414, 401, 415
416, 417, 418
419, 393, 420
263, 391, 391
392, 390, 390
394, 389, 395
394, 421, 385
422, 423, 400
403, 370, 370
406, 367, 369
409, 362, 364
424, 425, 426
427, 428, 425
429, 430, 428
431, 319, 432
433, 424, 426
434, 169, 164
169, 435, 433
436, 148, 437
438, 130, 132
439, 113, 436
440, 434, 164
441, 82, 439
442, 439, 80
80, 436, 100
443, 438, 444
436, 445, 100
446, 447, 448
232, 427, 424
361, 429, 427
357, 449, 429
435, 232, 424
85, 450, 434
174, 435, 450
451, 85, 434
452, 83, 451
453, 451, 440
454, 455, 454
456, 440, 163
457, 162, 458
459, 460, 159
461, 159, 83
462, 459, 461
463, 464, 459
465, 458, 466
467, 453, 456
468, 469, 470
471, 452, 453
472, 461, 452
473, 474, 475
476, 477, 478
479, 480, 479
481, 479, 482
483, 484, 485
486, 487, 488
489, 490, 486
491, 483, 485
492, 475, 493
494, 495, 496
488, 497, 498
499, 494, 474
484, 500, 501
501, 502, 503
498, 504, 505
506, 507, 508
505, 509, 510
495, 508, 496
511, 512, 513
514, 515, 516
517, 516, 512
510, 518, 519
519, 520, 521
522, 523, 507
524, 525, 526
521, 527, 528
529, 530, 523
531, 532, 533
534, 535, 536
532, 537, 533
528, 538, 539
540, 541, 542
543, 542, 544
545, 546, 547
548, 544, 549
550, 551, 552
553, 554, 555
556, 555, 541
542, 462, 472
544, 472, 471
554, 557, 558
549, 471, 467
559, 466, 551
555, 558, 463
541, 463, 462
560, 561, 562
563, 564, 565
566, 567, 568
441, 553, 556
442, 569, 553
51, 552, 570
571, 543, 548
572, 547, 573
54, 540, 543
81, 556, 540
42, 574, 575
576, 577, 578
579, 580, 581
574, 582, 583
584, 585, 586
587, 588, 589
590, 591, 580
583, 592, 587
585, 593, 594
593, 595, 594
591, 596, 597
598, 599, 600
601, 600, 602
588, 603, 589
604, 605, 595
606, 607, 608
609, 610, 603
611, 612, 613
614, 615, 616
0, 38, 1
3, 9, 4
6, 35, 7
9, 617, 10
11, 25, 12
3, 5, 14
1, 17, 16
6, 8, 11
17, 618, 18
15, 14, 19
21, 619, 22
19, 33, 24
25, 620, 26
27, 32, 28
22, 619, 30
32, 31, 30
33, 621, 34
35, 44, 36
0, 45, 37
39, 59, 40
10, 617, 42
44, 39, 41
45, 622, 46
47, 623, 48
42, 575, 50
51, 570, 52
54, 571, 55
57, 53, 52
59, 624, 60
50, 575, 61
47, 49, 63
65, 625, 66
62, 61, 68
63, 626, 70
66, 625, 71
69, 68, 73
70, 626, 75
77, 115, 78
73, 442, 80
81, 54, 56
83, 159, 84
86, 627, 87
89, 628, 90
91, 90, 92
94, 94, 95
96, 96, 97
96, 96, 97
79, 78, 98
100, 445, 101
103, 149, 104
106, 629, 107
108, 107, 109
74, 80, 100
111, 111, 96
82, 56, 112
111, 111, 96
114, 630, 78
116, 631, 117
119, 119, 120
119, 119, 120
121, 632, 122
124, 633, 125
127, 634, 128
130, 635, 131
133, 97, 97
135, 136, 136
134, 97, 97
138, 139, 139
141, 142, 142
78, 630, 144
118, 117, 145
113, 112, 147
120, 120, 139
120, 120, 139
149, 149, 150
151, 636, 152
95, 95, 142
154, 637, 155
157, 638, 158
159, 460, 157
160, 639, 161
163, 440, 164
166, 177, 167
169, 192, 170
172, 172, 173
174, 158, 175
84, 158, 174
177, 221, 178
165, 164, 169
179, 196, 180
182, 640, 183
185, 641, 186
188, 212, 189
191, 642, 188
192, 169, 193
195, 180, 196
194, 643, 198
199, 199, 200
201, 199, 199
202, 203, 203
185, 187, 205
205, 187, 207
198, 643, 209
186, 293, 207
200, 200, 211
212, 261, 213
214, 214, 172
215, 644, 216
218, 645, 219
221, 646, 222
158, 638, 223
225, 647, 226
228, 648, 229
176, 175, 231
219, 645, 233
235, 649, 236
238, 239, 239
239, 650, 240
241, 245, 242
239, 240, 244
236, 649, 245
238, 239, 239
246, 343, 247
229, 651, 249
250, 277, 251
253, 248, 247
172, 172, 255
256, 652, 257
216, 644, 259
261, 282, 262
263, 263, 264
265, 265, 266
267, 653, 268
249, 651, 270
272, 272, 266
173, 173, 273
274, 352, 275
277, 342, 278
279, 654, 280
282, 655, 283
284, 252, 251
227, 226, 286
238, 238, 288
172, 172, 173
238, 238, 288
289, 656, 277
255, 255, 265
257, 652, 274
290, 657, 291
293, 313, 294
295, 658, 296
211, 211, 298
172, 172, 299
300, 258, 257
302, 659, 303
210, 209, 305
207, 294, 307
308, 272, 272
309, 660, 310
312, 661, 311
291, 654, 279
313, 662, 314
296, 658, 315
298, 298, 308
299, 299, 272
257, 274, 276
305, 663, 317
294, 314, 318
303, 267, 269
319, 664, 320
322, 323, 323
322, 323, 323
264, 264, 264
325, 326, 326
327, 264, 264
329, 325, 325
326, 665, 329
330, 666, 331
288, 288, 332
333, 269, 268
335, 667, 336
339, 668, 669
668, 670, 671
671, 672, 673
668, 671, 669
671, 673, 669
669, 340, 339
340, 674, 338
674, 675, 676
675, 677, 676
677, 678, 679
678, 680, 679
680, 681, 682
679, 680, 682
681, 683, 684
681, 684, 682
677, 679, 676
674, 676, 338
277, 656, 341
343, 685, 344
345, 686, 346
348, 687, 349
274, 274, 351
285, 251, 278
247, 344, 354
355, 688, 356
288, 288, 332
283, 655, 358
360, 355, 357
362, 689, 363
365, 686, 345
367, 690, 368
370, 370, 371
173, 173, 372
259, 691, 373
233, 365, 366
260, 259, 374
231, 360, 361
376, 692, 377
379, 693, 380
371, 371, 382
383, 369, 368
385, 421, 386
385, 387, 388
390, 390, 382
391, 391, 392
393, 694, 394
396, 695, 397
399, 422, 400
402, 402, 403
404, 413, 405
407, 411, 408
410, 696, 411
412, 697, 413
372, 372, 402
414, 399, 401
416, 698, 417
419, 694, 393
263, 263, 391
392, 392, 390
394, 385, 389
394, 699, 421
422, 700, 423
403, 403, 370
406, 405, 367
409, 408, 362
424, 427, 425
427, 429, 428
429, 449, 430
431, 664, 319
433, 435, 424
434, 450, 169
169, 450, 435
436, 113, 148
438, 701, 130
439, 82, 113
440, 451, 434
441, 81, 82
442, 441, 439
80, 439, 436
443, 701, 438
436, 437, 445
446, 702, 447
232, 361, 427
361, 357, 429
357, 356, 449
435, 176, 232
85, 174, 450
174, 176, 435
451, 83, 85
452, 461, 83
453, 452, 451
454, 703, 455
456, 453, 440
457, 160, 162
459, 464, 460
461, 459, 159
462, 463, 459
463, 558, 464
465, 457, 458
467, 471, 453
468, 704, 469
471, 472, 452
472, 462, 461
473, 499, 474
476, 705, 477
479, 480, 480
481, 479, 479
483, 706, 484
486, 490, 487
489, 707, 490
491, 708, 483
492, 473, 475
494, 709, 495
488, 487, 497
499, 709, 494
484, 706, 500
501, 500, 502
498, 497, 504
506, 522, 507
505, 504, 509
495, 506, 508
511, 517, 512
514, 710, 515
517, 514, 516
510, 509, 518
519, 518, 520
522, 529, 523
524, 711, 525
521, 520, 527
529, 712, 530
531, 713, 532
534, 537, 535
532, 535, 537
528, 527, 538
540, 556, 541
543, 540, 542
545, 714, 546
548, 543, 544
550, 559, 551
553, 569, 554
556, 553, 555
542, 541, 462
544, 542, 472
554, 715, 557
549, 544, 471
559, 465, 466
555, 554, 558
541, 555, 463
560, 716, 561
563, 717, 564
566, 718, 567
441, 442, 553
442, 73, 569
51, 550, 552
571, 54, 543
572, 545, 547
54, 81, 540
81, 441, 556
42, 719, 574
576, 720, 577
579, 590, 580
574, 719, 582
584, 721, 585
587, 592, 588
590, 722, 591
583, 582, 592
585, 721, 593
593, 604, 595
591, 722, 596
598, 723, 599
601, 598, 600
588, 609, 603
604, 724, 605
606, 725, 607
609, 726, 610
611, 727, 612
728, 729, 730
729, 731, 730
731, 732, 730
733, 734, 735
734, 736, 737
735, 734, 738
736, 739, 737
740, 738, 734
737, 740, 734
741, 733, 742
733, 735, 742
742, 743, 732
743, 744, 745
732, 743, 745
732, 741, 742
744, 746, 747
746, 748, 615
745, 744, 747
748, 749, 616
747, 746, 615
750, 751, 752
751, 753, 754
755, 753, 756
732, 745, 757
749, 750, 616
758, 728, 759
756, 760, 755
761, 762, 763
762, 764, 763
765, 766, 761
767, 763, 768
763, 765, 761
769, 770, 767
768, 769, 767
764, 758, 768
760, 771, 755
771, 772, 773
772, 774, 775
773, 772, 776
774, 777, 778
777, 779, 778
779, 780, 778
778, 775, 774
775, 776, 772
763, 764, 768
759, 768, 758
730, 781, 728
781, 759, 728
782, 783, 784
783, 730, 784
785, 786, 787
786, 782, 788
789, 790, 791
790, 785, 792
792, 791, 790
787, 793, 785
793, 792, 785
771, 773, 794
788, 787, 786
753, 755, 795
771, 794, 755
754, 753, 795
784, 788, 782
757, 796, 732
796, 797, 730
797, 784, 730
752, 751, 754
755, 798, 799
798, 800, 801
796, 730, 732
802, 803, 804
803, 805, 806
805, 693, 380
807, 806, 805
806, 804, 803
805, 380, 807
808, 802, 809
802, 804, 809
809, 810, 811
810, 812, 811
808, 809, 813
814, 815, 811
809, 811, 813
812, 814, 811
800, 808, 801
801, 808, 813
801, 799, 798
799, 795, 755
615, 748, 616
795, 816, 817
817, 818, 795
818, 754, 795
752, 819, 750
616, 750, 819
820, 614, 616
