# Project Zomboid Skinned Mesh
# File Version:
1.0
# Model Name:
weapons_shotgun
# Vertex Stride Element Count:
3
# Vertex Stride Size (in bytes):
76
# Vertex Stride Data:
# (Int)    Offset
# (String) Type
0
VertexArray
12
NormalArray
24
TextureCoordArray
# Vertex Count:
578
# Vertex Buffer:
-0.01458135, 0.05980238, -0.03639017
-0.70708334, 0.0, -0.70708334
0.62958157, 0.55201229
-0.00114705, 0.05980238, -0.03639016
-0.44718772, 0.0, -0.89440596
0.65098739, 0.55201232
-0.00114705, 0.02949946, -0.03639017
-0.36759543, -0.40916166, -0.83510852
0.65098739, 0.50367442
-0.01458135, 0.02949946, 0.0124932
-0.62016666, -0.34513381, 0.70442826
0.48436877, 0.04373109
-0.00114705, 0.02949946, 0.01249321
-0.36759543, -0.40916166, 0.83510852
0.46296304, 0.04373556
-0.00114705, 0.05980238, 0.01249322
-0.66652423, -0.45451215, 0.59086889
0.46296304, 0.09194058
-0.01458135, 0.05980238, -0.03639017
-0.70708334, 0.0, -0.70708334
0.48436597, 0.78534146
-0.01458135, 0.02949946, -0.03639017
-0.62016666, -0.34513381, -0.70442826
0.48436892, 0.73700431
-0.01458135, 0.02949946, 0.0124932
-0.62016666, -0.34513381, 0.70442826
0.4064844, 0.73700431
-0.01458135, 0.09909375, 0.0276954
-0.8537553, 0.24542986, 0.45918149
0.3822563, 0.84801632
-0.01458135, 0.07753827, 0.0276954
-0.97418135, -0.09506515, 0.20474868
0.38225842, 0.8136325
-0.01186506, 0.07692391, 0.03503884
-0.98956269, -0.04782251, 0.1358684
0.37051088, 0.81262831
-0.01458135, 0.05980238, 0.0124932
-0.86803794, -0.28550065, 0.40614033
0.40648142, 0.78534143
-0.01458135, 0.07753827, -0.03639017
-0.70708334, 0.0, -0.70708334
0.62958157, 0.58030379
-0.00114705, 0.07753827, -0.03639015
-0.44718772, 0.0, -0.89440596
0.65098739, 0.58030382
-0.01458135, 0.09909375, 0.0276954
-0.8537553, 0.24542986, 0.45918149
0.44155735, 0.1238482
-0.01186506, 0.0935923, 0.04196221
-0.67717522, 0.65092927, 0.34305856
0.44588539, 0.14658195
-0.00114705, 0.09365946, 0.04196226
-0.43903929, 0.82573932, 0.35407576
0.46296313, 0.14658231
-0.01458135, 0.07753827, -0.03639017
-0.70708334, 0.0, -0.70708334
0.48436424, 0.8136325
-0.01458134, 0.15523839, -0.03639017
-0.70708334, 0.0, -0.70708334
0.62958157, 0.70424765
-0.00114705, 0.15523839, -0.03639015
-0.44718772, 0.0, -0.89440596
0.65098733, 0.70424765
-0.01458134, 0.18268681, -0.03639017
-0.57734919, 0.57734919, -0.57734919
0.87532431, 0.88540975
-0.01458134, 0.18268681, 0.01967201
-0.74040955, 0.66533405, -0.09524827
0.87532425, 0.97483732
-0.00114705, 0.18268681, 0.01967206
-0.48246711, 0.86706138, -0.12411878
0.89673007, 0.9748374
-0.01458134, 0.15523839, 0.0276954
-0.86962491, -0.29609057, 0.39503157
0.38225082, 0.93757438
-0.01458136, 0.15692495, 0.03346518
-0.57734919, -0.39216286, 0.71611685
0.37305781, 0.94026465
-0.01458136, 0.18437335, 0.0254418
-0.57734919, 0.71611685, 0.39216286
0.38583857, 0.98404844
-0.01458134, 0.18268681, 0.01967201
-0.74040955, 0.66533405, -0.09524827
0.39503157, 0.98135821
-0.01458134, 0.18268681, -0.03639017
-0.57734919, 0.57734919, -0.57734919
0.48435393, 0.98135817
-0.01458134, 0.18268681, -0.03639017
-0.57734919, 0.57734919, -0.57734919
0.62958157, 0.74803215
-0.00114705, 0.18268681, -0.03639014
-0.33332315, 0.6666463, -0.6666463
0.65098733, 0.74803215
-0.01458135, 0.02949946, -0.03639017
-0.62016666, -0.34513381, -0.70442826
0.08136944, 0.14625454
-0.00114705, 0.02949946, -0.03639017
-0.36759543, -0.40916166, -0.83510852
0.102775, 0.14626306
-0.00114705, 0.01725326, -0.02059988
-0.38526565, -0.873043, -0.29886776
0.1026836, 0.12282825
-0.01458135, 0.01725326, -0.02059989
-0.64094973, -0.72618794, -0.24857326
0.45921192, 0.71747002
-0.01458135, 0.01725326, -0.00329708
-0.64094973, -0.72618794, 0.24857326
0.43164381, 0.71747002
-0.00114705, 0.02949946, 0.01249321
-0.36759543, -0.40916166, 0.83510852
0.102775, 0.06856918
-0.01458135, 0.02949946, 0.0124932
-0.62016666, -0.34513381, 0.70442826
0.08136944, 0.06856066
-0.01458135, 0.01725326, -0.00329708
-0.64094973, -0.72618794, 0.24857326
0.08127803, 0.09531915
-0.01458136, 0.18437335, 0.0254418
-0.57734919, 0.71611685, 0.39216286
0.55904776, 0.06058973
-0.01458136, 0.15692495, 0.03346518
-0.57734919, -0.39216286, 0.71611685
0.55904776, 0.01597738
-0.01344877, 0.15923901, 0.03278877
-0.31388286, -0.0397351, 0.94860685
0.55724311, 0.01973736
-0.01458136, 0.18437335, 0.0254418
-0.57734919, 0.71611685, 0.39216286
0.87532425, 0.98404834
-0.00114705, 0.18437335, 0.02544186
-0.33332315, 0.82692951, 0.45283365
0.89673007, 0.98404844
-0.01458134, 0.15523839, 0.0276954
-0.86962491, -0.29609057, 0.39503157
0.2914845, 0.34967625
-0.00114705, 0.15523839, 0.02769544
-0.66090882, -0.45008698, 0.60048217
0.29148445, 0.32824665
-0.00114705, 0.15692495, 0.03346524
-0.33332315, -0.45283365, 0.82692951
0.28209576, 0.32823783
-0.01344876, 0.18205929, 0.02611823
-0.2893765, 0.54133731, 0.78942227
0.86722165, 0.74803215
-0.01344877, 0.15923901, 0.03278877
-0.31388286, -0.0397351, 0.94860685
0.90504634, 0.74595875
-0.01344892, 0.16919415, 0.07406913
-0.7084567, -0.68706322, 0.16132084
0.90457058, 0.67822707
-0.01344876, 0.18205929, 0.02611823
-0.2893765, 0.54133731, 0.78942227
0.55724311, 0.0568276
-0.00114705, 0.18205929, 0.02611829
-0.7156285, 0.60466325, 0.34962004
0.53764206, 0.05681574
-0.00114705, 0.15692495, 0.03346524
-0.33332315, -0.45283365, 0.82692951
0.53764206, 0.01596445
-0.00114705, 0.15923901, 0.03278881
0.331431, -0.47276223, 0.81646168
0.53764206, 0.01972556
-0.01344921, 0.18261074, 0.13278261
-0.56428725, -0.33942688, 0.75255591
0.90504634, 0.58216128
-0.01344921, 0.20416416, 0.12104468
-0.59324932, 0.73348188, 0.33167517
0.86734957, 0.59256536
-0.01344876, 0.18205929, 0.02611823
-0.2893765, 0.54133731, 0.78942227
0.80512244, 0.09181958
-0.01344892, 0.19201443, 0.06739859
-0.70552689, 0.690054, -0.16132084
0.80512214, 0.15771127
-0.00114704, 0.19201443, 0.06739865
-0.44563127, 0.87170017, -0.2038026
0.8247236, 0.15771133
-0.01344877, 0.15923901, 0.03278877
-0.31388286, -0.0397351, 0.94860685
0.55544102, 0.09249288
-0.00114705, 0.15923901, 0.03278881
0.331431, -0.47276223, 0.81646168
0.53584009, 0.09250623
-0.00114705, 0.16919413, 0.07406918
-0.44856104, -0.87005216, 0.2042909
0.53583753, 0.1594671
-0.00114704, 0.18261074, 0.13278267
-0.32337412, -0.38904995, 0.86257517
0.86674601, 0.53063437
-0.00114704, 0.20416416, 0.12104474
-0.34574419, 0.85494554, 0.38660848
0.90237981, 0.53058884
-0.01344921, 0.20416416, 0.12104468
-0.59324932, 0.73348188, 0.33167517
0.90237981, 0.51096502
-0.01344921, 0.20416416, 0.12104468
-0.59324932, 0.73348188, 0.33167517
0.80512166, 0.24333769
-0.00114704, 0.20416416, 0.12104474
-0.34574419, 0.85494554, 0.38660848
0.8247236, 0.24333775
-0.01344892, 0.16919415, 0.07406913
-0.7084567, -0.68706322, 0.16132084
0.55543876, 0.15945375
-0.00114704, 0.18261074, 0.13278267
-0.32337412, -0.38904995, 0.86257517
0.53583938, 0.25460547
-0.00114703, 0.31852761, -0.00250624
0.0, -0.80718404, 0.59025848
0.09799616, 0.38655818
-0.01165212, 0.31852761, -0.00699946
-0.43391216, -0.85421306, 0.28635517
0.11475486, 0.38708574
-0.01165213, 0.18753238, -0.00699946
-0.43391216, 0.85421306, 0.28635517
0.11475483, 0.17870224
-0.01165212, 0.31852761, -0.01598583
-0.43391216, -0.85421306, -0.28635517
0.01593369, 0.38709229
-0.00114703, 0.31852761, -0.02047899
0.0, -0.80718404, -0.59025848
0.03267217, 0.38709277
-0.00114705, 0.18753238, -0.02047898
0.0, 0.80718404, -0.59025848
0.03267218, 0.17813498
-0.01165213, 0.18753238, -0.00699946
-0.43391216, 0.85421306, 0.28635517
0.60848033, 0.04785776
-0.01165212, 0.31852761, -0.00699946
-0.43391216, -0.85421306, 0.28635517
0.60848033, 0.25681227
-0.01165212, 0.31852761, -0.01598583
-0.43391216, -0.85421306, -0.28635517
0.62279809, 0.25681144
-0.01165213, 0.18753238, -0.01598583
-0.43391216, 0.85421306, -0.28635517
0.96648049, 0.20008153
-0.00114705, 0.18753238, -0.02047898
0.0, 0.80718404, -0.59025848
0.94974202, 0.20724875
-0.00114705, 0.18753238, -0.02605327
0.0, 0.61543626, -0.78814054
0.94974202, 0.21614057
-0.01165213, 0.18753238, -0.00699946
-0.43391216, 0.85421306, 0.28635517
0.96648049, 0.18574691
-0.01491031, 0.18753238, -0.01877299
-0.6805017, 0.60731834, -0.40989411
0.97167194, 0.20452744
-0.01491031, 0.18753238, -0.00421231
-0.6805017, 0.60731834, 0.40986359
0.97167194, 0.181301
-0.00114705, 0.18753238, 0.00306809
0.0, 0.61543626, 0.78814054
0.94974202, 0.16968763
-0.00114705, 0.18753238, -0.02605327
0.0, 0.61543626, -0.78814054
0.29312885, 0.40353394
-0.00114705, 0.18060848, -0.02605326
0.0, 0.0, -1.0
0.28209651, 0.40353394
-0.01491031, 0.18060848, -0.01877299
-0.85659355, 0.0, -0.51594591
0.28209576, 0.42548847
-0.01491031, 0.18753238, -0.01877299
-0.6805017, 0.60731834, -0.40989411
0.70426053, 0.53215107
-0.01491031, 0.18060848, -0.01877299
-0.85659355, 0.0, -0.51594591
0.71529269, 0.53215176
-0.01491031, 0.18060848, -0.00421231
-0.85659355, 0.0, 0.51594591
0.71529269, 0.5089266
-0.01491031, 0.18753238, -0.00421231
-0.6805017, 0.60731834, 0.40986359
0.17494486, 0.11473233
-0.01491031, 0.18060848, -0.00421231
-0.85659355, 0.0, 0.51594591
0.16394284, 0.11473006
-0.00114705, 0.18060848, 0.00306809
0.0, 0.0, 1.0
0.16308343, 0.1367172
-0.00114703, 0.31852761, -0.02047899
0.0, -0.80718404, -0.59025848
0.6867432, 0.04021788
-0.01165212, 0.31852761, -0.01598583
-0.43391216, -0.85421306, -0.28635517
0.67960322, 0.05697495
-0.01295701, 0.31852761, -0.01710208
0.0, -1.0, 0.0
0.68137455, 0.0590564
-0.01165212, 0.31852761, -0.00699946
-0.43391216, -0.85421306, 0.28635517
0.66533649, 0.05697495
-0.01295701, 0.31852761, -0.00588321
0.0, -1.0, 0.0
0.66356349, 0.0590564
-0.00114703, 0.31852761, -0.00250624
0.0, -0.80718404, 0.59025848
0.65820974, 0.04021788
-0.00114703, 0.31852761, -0.00027373
0.0, -1.0, 0.0
0.65466547, 0.04021788
0.00815087, 0.31796131, -0.00287936
0.51454204, -0.68526262, 0.51536608
0.24962367, 0.19057733
0.00977779, 0.4411335, -0.00489315
0.60530412, 0.68599504, 0.40369883
0.24641803, 0.38707209
0.00815087, 0.44113585, -0.00291072
0.51481676, 0.68605608, 0.51405376
0.24962366, 0.38705146
-0.00114703, 0.31732711, -0.02087811
0.0, 0.61650443, 0.7873165
0.28201935, 0.68513677
-0.00810913, 0.31732711, -0.02449801
-0.67937255, 0.60683006, 0.41248816
0.29312882, 0.68556219
-0.00810914, 0.17416063, -0.02449801
-0.91692859, 0.0, 0.39896849
0.29312879, 0.45781708
-0.00810913, 0.29587293, -0.03173769
-0.8908658, -0.12082278, -0.43781853
0.2871449, 0.0688743
-0.00676949, 0.30516422, -0.04799075
-0.84005249, -0.32258064, -0.43614003
0.28166005, 0.0929265
-0.00114703, 0.3051492, -0.05417781
0.03399762, -0.51841789, -0.85442668
0.2871449, 0.10505462
-0.00810913, 0.31732711, -0.02449801
-0.67937255, 0.60683006, 0.41248816
0.37216246, 0.4424172
-0.00810913, 0.31732711, -0.03173769
-0.71550643, 0.69795829, -0.02935881
0.36062768, 0.44241786
-0.00810913, 0.29587293, -0.03173769
-0.8908658, -0.12082278, -0.43781853
0.36062768, 0.47664011
-0.00114703, 0.31732711, -0.02087811
0.0, 0.61650443, 0.7873165
0.96670794, 0.84620832
-0.00114703, 0.31732711, -0.03535748
0.0, 1.0, 0.0
0.96670794, 0.82311153
-0.00810913, 0.31732711, -0.03173769
-0.71550643, 0.69795829, -0.02935881
0.95561475, 0.82888564
-0.01458135, 0.01725326, -0.02059989
-0.64094973, -0.72618794, -0.24857326
0.08127803, 0.12281972
-0.00114705, 0.01725326, -0.01863165
-0.44718772, -0.89440596, 0.0
0.1026836, 0.11970001
-0.01305318, 0.01725326, -0.01863167
-0.30149236, -0.90450758, -0.30149236
0.08371295, 0.1196925
-0.01305318, 0.01725326, -0.0052653
-0.30149236, -0.90450758, 0.30149236
0.08371295, 0.09844834
-0.00114705, 0.01725326, -0.00526527
-0.44718772, 0.0, 0.89440596
0.1026836, 0.09845585
-0.00114705, 0.01725326, -0.01863165
-0.44718772, -0.89440596, 0.0
0.87619287, 0.22434562
-0.00114705, 0.00961685, -0.01863164
-0.44718772, 0.0, -0.89440596
0.88836044, 0.22434562
-0.01305318, 0.00961685, -0.01863167
-0.30149236, 0.90450758, -0.30149236
0.88836044, 0.2053535
-0.01305318, 0.01725326, -0.01863167
-0.30149236, -0.90450758, -0.30149236
0.89049858, 0.03859633
-0.01305318, 0.00961685, -0.01863167
-0.30149236, 0.90450758, -0.30149236
0.87833112, 0.03859556
-0.01305318, 0.00961685, -0.0052653
-0.30149236, 0.90450758, 0.30149236
0.87833112, 0.05991572
-0.00114705, 0.01725326, -0.00526527
-0.44718772, 0.0, 0.89440596
0.888327, 0.1544584
-0.01305318, 0.01725326, -0.0052653
-0.30149236, -0.90450758, 0.30149236
0.888327, 0.13546634
-0.01305318, 0.00961685, -0.0052653
-0.30149236, 0.90450758, 0.30149236
0.87619287, 0.13546383
-0.00114705, 0.00961685, -0.01863164
-0.44718772, 0.0, -0.89440596
0.76176023, 0.06750685
-0.00114705, 0.00961685, -0.02584529
-0.33335367, 0.6666463, -0.6666463
0.77325422, 0.06750685
-0.01947876, 0.00961685, -0.02584534
-0.57734919, 0.57734919, -0.57734919
0.77325433, 0.03826493
-0.01305318, 0.00961685, -0.0052653
-0.30149236, 0.90450758, 0.30149236
0.74046284, 0.04851472
-0.01305318, 0.00961685, -0.01863167
-0.30149236, 0.90450758, -0.30149236
0.76176029, 0.04851472
-0.00114705, 0.00961685, -0.00526527
-0.21820734, 0.43641469, 0.8728599
0.74046278, 0.06750685
-0.01947876, 0.00961685, 0.00194836
-0.58299506, 0.60359508, 0.54380929
0.72896886, 0.03826487
-0.00114705, 0.00961685, -0.02584529
-0.33335367, 0.6666463, -0.6666463
0.75290155, 0.98404844
-0.00114706, -0.10061, -0.02584527
-0.47248757, 0.0, -0.8813135
0.75290155, 0.80821942
-0.01947876, -0.10061, -0.02584534
-0.62709433, 0.58110297, -0.5186621
0.72369242, 0.80821942
-0.01947876, 0.00961685, 0.00194836
-0.58299506, 0.60359508, 0.54380929
0.67273659, 0.80099258
-0.01947876, 0.00961685, -0.02584534
-0.57734919, 0.57734919, -0.57734919
0.62845361, 0.80099256
-0.01947876, -0.10061, -0.02584534
-0.62709433, 0.58110297, -0.5186621
0.62844282, 0.97681886
-0.00114705, 0.00961685, 0.00194842
-0.33768731, 0.69924009, 0.63005465
0.73346955, 0.56405732
-0.01947876, 0.00961685, 0.00194836
-0.58299506, 0.60359508, 0.54380929
0.70426053, 0.56405485
-0.01947876, -0.1051423, 0.01393605
-0.48356578, 0.61601609, 0.62181461
0.70426053, 0.74802721
0.01198253, 0.31795019, -0.01212979
0.72786647, -0.68568987, 0.00076296
0.2347751, 0.19061786
0.01173116, 0.4411217, -0.01471335
0.71385843, 0.6855678, -0.14273506
0.23071651, 0.38708365
0.01198253, 0.44112477, -0.01216116
0.72786647, 0.68568987, -0.00076296
0.23477508, 0.38709199
0.00815087, 0.31793907, -0.02138023
0.51481676, -0.68605608, -0.51402324
0.81397808, 0.9840416
0.00616845, 0.44111174, -0.02303852
0.40421766, 0.6852321, -0.60582292
0.81713682, 0.7875618
0.00815087, 0.44111368, -0.0214116
0.51454204, 0.68529314, -0.51530504
0.81397808, 0.7875589
0.01173116, 0.31794715, -0.01468198
0.71398056, -0.6857509, -0.14123966
0.23071653, 0.19060957
0.01098671, 0.44111878, -0.01716745
0.67235327, 0.68547624, -0.27927488
0.22682856, 0.38706827
-0.01458135, 0.09909375, 0.0276954
-0.8537553, 0.24542986, 0.45918149
0.20681228, 0.15864128
-0.00114705, 0.09916091, 0.02769542
-0.64213997, 0.43275246, 0.63270974
0.22821799, 0.15852994
-0.00114705, 0.15523839, 0.02769544
-0.66090882, -0.45008698, 0.60048217
0.22821797, 0.06932348
-0.01186506, 0.0935923, 0.04196221
-0.67717522, 0.65092927, 0.34305856
0.35947841, 0.83921658
-0.01183425, 0.04717042, 0.09059842
-0.69505906, -0.37107456, 0.61574143
0.28199169, 0.7651673
-0.01183425, 0.06587509, 0.10057621
-0.57542652, 0.25467697, 0.77715385
0.44593447, 0.23995954
-0.01186506, 0.0640751, 0.02859266
-0.77477342, -0.63222146, 0.00222785
0.38078266, 0.79213277
-0.01458135, 0.05980238, 0.0124932
-0.86803794, -0.28550065, 0.40614033
0.77325433, 0.12865186
-0.00114705, 0.05980238, 0.01249322
-0.66652423, -0.45451215, 0.59086889
0.75184876, 0.12865192
-0.00114705, 0.0640751, 0.02859269
-0.57109284, -0.80996126, -0.13336588
0.7518273, 0.15481979
-0.01183425, 0.03045267, 0.07926515
-0.5777154, -0.80080569, 0.15790276
0.98406637, 0.93007717
-0.00114705, 0.03045267, 0.07926519
-0.33371991, -0.92486346, 0.18228705
0.9670378, 0.93011123
-0.00114705, 0.04717041, 0.09059846
-0.43537706, -0.46449172, 0.77114171
0.96703178, 0.95536596
-0.01183425, 0.04717042, 0.09059842
-0.69505906, -0.37107456, 0.61574143
0.98406035, 0.95533191
-0.00114705, 0.06594224, 0.10057628
-0.33188879, 0.29895931, 0.89468062
0.96703798, 0.98404844
-0.01183425, 0.03045267, 0.07926515
-0.5777154, -0.80080569, 0.15790276
0.30005032, 0.7385003
-0.01186506, 0.0640751, 0.02859266
-0.77477342, -0.63222146, 0.00222785
0.76890481, 0.15481979
-0.00114705, 0.03045267, 0.07926519
-0.33371991, -0.92486346, 0.18228705
0.75210845, 0.23079455
-0.00810914, 0.16489509, -0.03173769
-0.84554583, 0.0, -0.53386027
0.94999844, 0.4717713
-0.00810913, 0.29587293, -0.03173769
-0.8908658, -0.12082278, -0.43781853
0.94999838, 0.26284122
-0.00114703, 0.3051492, -0.03535747
0.45005646, -0.75389874, -0.47859126
0.93890524, 0.24804372
-0.00676949, 0.31735283, -0.04799075
-0.70134586, 0.64415419, -0.30518508
0.33475554, 0.44239038
-0.00114703, 0.31732711, -0.05417781
0.0, 0.57206947, -0.82018495
0.32499623, 0.44248205
-0.00114703, 0.3051492, -0.05417781
0.03399762, -0.51841789, -0.85442668
0.3249962, 0.46190745
-0.00114703, 0.31732711, -0.05417781
0.0, 0.57206947, -0.82018495
0.96670794, 0.79309027
-0.01155955, 0.07748064, -0.03326265
-0.0995819, 0.11188085, 0.98870814
0.79811627, 0.71884233
-0.00114705, 0.08674618, -0.03326262
-0.0089114, 0.03878903, 0.99920654
0.81471026, 0.70410296
-0.00114704, 0.20040877, -0.03326263
0.0, 0.0, 1.0
0.81474793, 0.52329174
-0.01393031, 0.4411217, -0.01471333
-0.71382791, 0.6855678, -0.14276558
0.82398915, 0.47176307
-0.01418168, 0.31795019, -0.01212978
-0.72786647, -0.68568987, 0.00076296
0.81992716, 0.27528983
-0.01418168, 0.44112477, -0.01216114
-0.72786647, 0.68568987, -0.00076296
0.81992722, 0.47176951
-0.01318586, 0.44111878, -0.01716745
-0.67235327, 0.68547624, -0.2793054
0.82788622, 0.4717527
-0.01393031, 0.31794715, -0.01468196
-0.71395004, -0.68578142, -0.14120914
0.82398909, 0.27528358
-0.01380352, 0.05931571, -0.03077879
-0.02880947, 0.10330515, 0.99420148
0.79454595, 0.74803215
-0.01634226, 0.17538394, -0.03634687
-0.51579332, -0.64241463, -0.56672871
0.32506427, 0.17301202
-0.00114704, 0.17874618, -0.03634682
-0.35917234, -0.57936341, -0.73162025
0.34930032, 0.17254466
-0.00114704, 0.17874618, 0.01407712
-0.2412183, -0.61058384, 0.75426495
0.34923223, 0.09240222
-0.01634225, 0.29407853, -0.03634687
-0.68141729, 0.37629321, -0.6277352
0.7248311, 0.45699131
-0.00114703, 0.30334407, -0.03634682
-0.42207098, 0.72072512, -0.54988253
0.74904269, 0.4717713
-0.00114704, 0.17874618, -0.03634682
-0.35917234, -0.57936341, -0.73162025
0.74904269, 0.27301824
-0.01634225, 0.29407853, -0.03634687
-0.68141729, 0.37629321, -0.6277352
0.92374742, 0.84620832
-0.01634225, 0.30334407, 0.00039515
-0.57029939, 0.67390972, 0.46961883
0.92374742, 0.78755897
-0.00114703, 0.30334407, 0.00039519
-0.36787012, 0.74629962, 0.55464339
0.89953583, 0.7875589
-0.01634226, 0.17538394, 0.01407709
-0.51301616, -0.61583298, 0.59791863
0.37342212, 0.20531493
-0.00114704, 0.17874618, 0.01407712
-0.2412183, -0.61058384, 0.75426495
0.34920901, 0.21066129
-0.00114703, 0.30334407, 0.00039519
-0.36787012, 0.74629962, 0.55464339
0.34921062, 0.41048503
-0.01634225, 0.29407853, -0.03634687
-0.68141729, 0.37629321, -0.6277352
0.59656376, 0.9692687
-0.01634226, 0.17538394, -0.03634687
-0.51579332, -0.64241463, -0.56672871
0.59657544, 0.77993526
-0.01634226, 0.17538394, 0.01407709
-0.51301616, -0.61583298, 0.59791863
0.51623631, 0.77993526
-0.00114705, 0.02949946, -0.03639017
-0.36759543, -0.40916166, -0.83510852
0.23416221, 0.43853021
-0.00114705, 0.01725326, -0.02059988
-0.38526565, -0.873043, -0.29886776
0.20900518, 0.41899592
-0.00114705, 0.01725326, -0.00329706
-0.38526565, -0.873043, 0.29886776
0.18143706, 0.41899592
0.01228724, 0.05980238, -0.03639017
0.70708334, 0.0, -0.70708334
0.67239314, 0.55201232
-0.00114705, 0.07753827, 0.02769542
-1.0, 0.0, 0.0
0.13205168, 0.51515839
-0.00114705, 0.07753827, -0.03639015
-0.44718772, 0.0, -0.89440596
0.23415747, 0.51515839
-0.00114705, 0.05980238, -0.03639016
-0.44718772, 0.0, -0.89440596
0.23415923, 0.48686731
0.01228724, 0.02949946, 0.0124932
0.62016666, -0.34513381, 0.70442826
0.44155735, 0.04374003
-0.00114705, 0.05980238, 0.01249322
-0.66652423, -0.45451215, 0.59086889
0.15627466, 0.48686731
0.01228724, 0.02949946, 0.0124932
0.62016666, -0.34513381, 0.70442826
0.0938099, 0.73701119
0.01228724, 0.02949946, -0.03639017
0.62016666, -0.34513381, -0.70442826
0.01593369, 0.73701119
0.01228724, 0.05980238, -0.03639017
0.70708334, 0.0, -0.70708334
0.01594191, 0.78534696
-0.00114705, 0.09916091, 0.02769542
-0.64213997, 0.43275246, 0.63270974
0.13204955, 0.54964933
-0.00114705, 0.15523839, 0.02769544
-0.66090882, -0.45008698, 0.60048217
0.13204403, 0.63910025
-0.00114705, 0.15523839, -0.03639015
-0.44718772, 0.0, -0.89440596
0.23414987, 0.63910025
0.01228724, 0.09909375, 0.0276954
0.8537553, 0.24542986, 0.45918149
0.11804744, 0.84802011
0.00957096, 0.0935923, 0.04196221
0.67717522, 0.65092927, 0.34305856
0.1408536, 0.83920446
0.00957095, 0.07692391, 0.03503884
0.98956269, -0.04782251, 0.1358684
0.12981944, 0.81261694
0.01228724, 0.07753827, -0.03639017
0.70708334, 0.0, -0.70708334
0.01594671, 0.81363726
0.01228724, 0.07753827, 0.0276954
0.97418135, -0.09506515, 0.20474868
0.11804159, 0.81363726
0.01228724, 0.07753827, -0.03639017
0.70708334, 0.0, -0.70708334
0.67239314, 0.58030382
-0.00114705, 0.18268681, 0.01967206
-0.48246711, 0.86706138, -0.12411878
0.14482477, 0.6828841
-0.00114705, 0.18268681, -0.03639014
-0.33332315, 0.6666463, -0.6666463
0.23414716, 0.68288407
0.00957096, 0.0935923, 0.04196221
0.67717522, 0.65092927, 0.34305856
0.48004088, 0.14658195
0.01228724, 0.09909375, 0.0276954
0.8537553, 0.24542986, 0.45918149
0.48436892, 0.1238482
0.01228724, 0.15523839, -0.03639017
0.70708334, 0.0, -0.70708334
0.0159678, 0.93757566
0.01228724, 0.15523839, 0.0276954
0.86962491, -0.29609057, 0.39503157
0.11806266, 0.93757566
0.01228724, 0.15523839, -0.03639017
0.70708334, 0.0, -0.70708334
0.67239314, 0.70424765
0.01228724, 0.18268681, -0.03639017
0.57734919, 0.57734919, -0.57734919
0.91813582, 0.88540975
-0.00114705, 0.18268681, -0.03639014
-0.33332315, 0.6666463, -0.6666463
0.89673007, 0.88540979
0.01228724, 0.18268681, 0.01967202
0.74040955, 0.66533405, -0.09524827
0.10528804, 0.98135826
0.01228726, 0.18437335, 0.02544181
0.57734919, 0.71611685, 0.39216286
0.11448037, 0.98404844
0.01228726, 0.15692495, 0.03346519
0.57734919, -0.39216286, 0.71611685
0.12725499, 0.94026587
0.01228724, 0.18268681, -0.03639017
0.57734919, 0.57734919, -0.57734919
0.01597524, 0.98135829
0.01228724, 0.18268681, -0.03639017
0.57734919, 0.57734919, -0.57734919
0.67239308, 0.74803215
-0.00114705, 0.01725326, -0.01863165
-0.44718772, -0.89440596, 0.0
0.0, 1.0
-0.00114705, 0.01725326, -0.00526527
-0.44718772, 0.0, 0.89440596
0.0, 1.0
-0.00114705, 0.01725326, -0.00329706
-0.38526565, -0.873043, 0.29886776
0.0, 1.0
0.01228724, 0.02949946, -0.03639017
0.62016666, -0.34513381, -0.70442826
0.12418055, 0.14627165
0.01228724, 0.01725326, -0.02059989
0.64094973, -0.72618794, -0.24857326
0.12408914, 0.12283683
0.01228724, 0.01725326, -0.00329707
0.64094973, -0.72618794, 0.24857326
0.06865107, 0.71747744
0.01228724, 0.01725326, -0.02059989
0.64094973, -0.72618794, -0.24857326
0.0410859, 0.71747744
-0.00114705, 0.01725326, -0.00329706
-0.38526565, -0.873043, 0.29886776
0.1026836, 0.09532762
0.01228724, 0.01725326, -0.00329707
0.64094973, -0.72618794, 0.24857326
0.12408914, 0.0953362
0.01228726, 0.18437335, 0.02544181
0.57734919, 0.71611685, 0.39216286
0.51623631, 0.06056392
0.01115467, 0.18205929, 0.02611823
0.2893765, 0.54133731, 0.78942227
0.51804096, 0.05680394
0.01115467, 0.15923901, 0.03278878
0.31388286, -0.0397351, 0.94860685
0.51804096, 0.01971376
-0.00114705, 0.15692495, 0.03346524
-0.33332315, -0.45283365, 0.82692951
0.122851, 0.64179054
-0.00114705, 0.18437335, 0.02544186
-0.33332315, 0.82692951, 0.45283365
0.13563174, 0.68557432
0.01228726, 0.18437335, 0.02544181
0.57734919, 0.71611685, 0.39216286
0.91813582, 0.98404836
0.01228724, 0.18268681, 0.01967202
0.74040955, 0.66533405, -0.09524827
0.91813582, 0.97483734
0.01228724, 0.15523839, 0.0276954
0.86962491, -0.29609057, 0.39503157
0.2914845, 0.30681711
0.01228726, 0.15692495, 0.03346519
0.57734919, -0.39216286, 0.71611685
0.28209579, 0.30680823
0.01115467, 0.18205929, 0.02611823
0.2893765, 0.54133731, 0.78942227
0.65514117, 0.09095949
0.01115484, 0.19201443, 0.0673986
0.70552689, 0.690054, -0.16132084
0.65466547, 0.15868592
0.01115483, 0.16919413, 0.07406913
0.7084567, -0.68706322, 0.16132084
0.69248807, 0.16075414
-0.00114705, 0.15923901, 0.03278881
0.331431, -0.47276223, 0.81646168
0.18828247, 0.38480914
-0.00114705, 0.18205929, 0.02611829
-0.7156285, 0.60466325, 0.34962004
0.15045778, 0.38688248
-0.00114705, 0.18437335, 0.02544186
-0.33332315, 0.82692951, 0.45283365
0.14662224, 0.38709277
0.01228726, 0.15692495, 0.03346519
0.57734919, -0.39216286, 0.71611685
0.51623631, 0.01595157
0.01115512, 0.20416416, 0.1210447
0.59324932, 0.73348188, 0.33167517
0.65526909, 0.24641407
0.01115512, 0.18261074, 0.13278262
0.56428725, -0.33942688, 0.75255591
0.69296366, 0.25681227
-0.00114705, 0.16919413, 0.07406918
-0.44856104, -0.87005216, 0.2042909
0.18780677, 0.3170774
-0.00114704, 0.19201443, 0.06739865
-0.44563127, 0.87170017, -0.2038026
0.14998206, 0.31915075
0.01115484, 0.19201443, 0.0673986
0.70552689, 0.690054, -0.16132084
0.84432501, 0.15771127
0.01115467, 0.18205929, 0.02611823
0.2893765, 0.54133731, 0.78942227
0.84432477, 0.09181958
0.01115467, 0.15923901, 0.03278878
0.31388286, -0.0397351, 0.94860685
0.51623911, 0.0925194
0.01115483, 0.16919413, 0.07406913
0.7084567, -0.68706322, 0.16132084
0.51623631, 0.15948027
0.01115512, 0.20416416, 0.1210447
0.59324932, 0.73348188, 0.33167517
0.90237981, 0.55021262
-0.00114704, 0.18261074, 0.13278267
-0.32337412, -0.38904995, 0.86257517
0.18828246, 0.22101158
-0.00114704, 0.20416416, 0.12104474
-0.34574419, 0.85494554, 0.38660848
0.15058567, 0.23141569
0.01115512, 0.20416416, 0.1210447
0.59324932, 0.73348188, 0.33167517
0.84432548, 0.24333775
0.01115512, 0.18261074, 0.13278262
0.56428725, -0.33942688, 0.75255591
0.51623768, 0.25461864
0.00935803, 0.18753238, -0.00699945
0.43391216, 0.85421306, 0.28635517
0.08127803, 0.17870927
0.00935805, 0.31852761, -0.00699945
0.43391216, -0.85421306, 0.28635517
0.08127803, 0.38709277
0.00935805, 0.31852761, -0.01598582
0.43391216, -0.85421306, -0.28635517
0.04941064, 0.38709229
0.00935803, 0.18753238, -0.01598582
0.43391216, 0.85421306, -0.28635517
0.95122993, 0.74803215
0.00935805, 0.31852761, -0.01598582
0.43391216, -0.85421306, -0.28635517
0.95122993, 0.53908333
0.00935805, 0.31852761, -0.00699945
0.43391216, -0.85421306, 0.28635517
0.93691367, 0.53908092
0.00935803, 0.18753238, -0.01598582
0.43391216, 0.85421306, -0.28635517
0.93300354, 0.20008147
0.01261622, 0.18753238, -0.01877298
0.6805017, 0.60731834, -0.40989411
0.92781204, 0.20452744
0.00935803, 0.18753238, -0.00699945
0.43391216, 0.85421306, 0.28635517
0.93300354, 0.18574685
0.01261622, 0.18753238, -0.0042123
0.6805017, 0.60731834, 0.40989411
0.92781204, 0.18130094
0.01261622, 0.18060848, -0.01877298
0.85659355, 0.0, -0.51594591
0.28209576, 0.38157934
0.01261622, 0.18060848, -0.0042123
0.85659355, 0.0, 0.51594591
0.74716008, 0.50892907
0.01261622, 0.18060848, -0.01877298
0.85659355, 0.0, -0.51594591
0.74716008, 0.53215176
0.01261622, 0.18753238, -0.01877298
0.6805017, 0.60731834, -0.40989411
0.75819194, 0.53214988
0.01261622, 0.18060848, -0.0042123
0.85659355, 0.0, 0.51594591
0.1639429, 0.15863895
0.01261622, 0.18753238, -0.0042123
0.6805017, 0.60731834, 0.40989411
0.17494489, 0.15864128
-0.00114703, 0.31852761, -0.02271147
0.0, -1.0, 0.0
0.69028741, 0.04021788
0.01066294, 0.31852761, -0.01710207
0.0, -1.0, 0.0
0.68138945, 0.02137929
0.01066294, 0.31852761, -0.0058832
0.0, -1.0, 0.0
0.66357851, 0.02137929
0.00935805, 0.31852761, -0.00699945
0.43391216, -0.85421306, 0.28635517
0.66534984, 0.02346081
0.00616845, 0.31796324, -0.00125244
0.40424818, -0.6852321, 0.6057924
0.86961746, 0.27563512
0.00815087, 0.44113585, -0.00291072
0.51481676, 0.68605608, 0.51405376
0.86646605, 0.4717713
0.00616845, 0.44113779, -0.00128381
0.40455335, 0.68611711, 0.6045717
0.86961746, 0.4715814
0.00390673, 0.31796467, -4.352e-05
0.27845088, -0.68520159, 0.6729942
0.87321573, 0.27549374
0.00390673, 0.44113928, -7.489e-05
0.27863398, 0.68617815, 0.67192602
0.87321573, 0.47144014
-0.00114705, 0.17416063, -0.0208781
0.0, 0.0, 1.0
0.28201932, 0.45739156
0.00581504, 0.17416063, -0.024498
0.85476243, 0.0, 0.51896727
0.27094251, 0.45782173
0.00581506, 0.31732711, -0.024498
0.67937255, 0.60683006, 0.41248816
0.27094254, 0.6855669
-0.00114703, 0.3051492, -0.05417781
0.03399762, -0.51841789, -0.85442668
0.28412351, 0.17341185
0.00447541, 0.30516422, -0.04799075
0.70528275, -0.63924068, -0.30640584
0.29224193, 0.16287386
0.00581506, 0.30513847, -0.03173768
0.94772178, -0.17609181, -0.26599932
0.29224193, 0.13695776
0.00581504, 0.17416063, -0.024498
0.85476243, 0.0, 0.51896727
0.51623636, 0.51489949
0.00581504, 0.17416063, -0.03173768
0.85476243, 0.0, -0.51896727
0.52776992, 0.51490143
0.00581506, 0.30513847, -0.03173768
0.94772178, -0.17609181, -0.26599932
0.52776986, 0.30598044
0.00581506, 0.31732711, -0.03173768
0.71550643, 0.69795829, -0.02935881
0.97780114, 0.82888566
-0.00114705, 0.01725326, -0.01863165
-0.44718772, -0.89440596, 0.0
0.17494489, 0.06150675
-0.00114705, 0.00961685, -0.01863164
-0.44718772, 0.0, -0.89440596
0.16277745, 0.06150603
-0.00114705, 0.00961685, -0.00526527
-0.21820734, 0.43641469, 0.8728599
0.16277747, 0.0828262
0.01075906, 0.01725326, -0.01863166
0.30149236, -0.90450758, -0.30149236
0.12165422, 0.11970758
0.01075906, 0.01725326, -0.00526529
0.30149236, -0.90450758, 0.30149236
0.12165422, 0.09846348
-0.00114705, 0.00961685, -0.02584529
-0.33335367, 0.6666463, -0.6666463
0.0, 1.0
-0.00114705, 0.00961685, 0.00194842
-0.33768731, 0.69924009, 0.63005465
0.0, 1.0
-0.00114705, 0.00961685, -0.00526527
-0.21820734, 0.43641469, 0.8728599
0.0, 1.0
0.01075906, 0.00961685, -0.01863166
0.30149236, 0.90450758, -0.30149236
0.88836044, 0.24333775
0.01075906, 0.00961685, -0.00526529
0.30149236, 0.90450758, 0.30149236
0.03236858, 0.05088848
0.01075906, 0.00961685, -0.01863166
0.30149236, 0.90450758, -0.30149236
0.03236858, 0.02957064
0.01075906, 0.01725326, -0.01863166
0.30149236, -0.90450758, -0.30149236
0.02020149, 0.02957273
-0.00114705, 0.00961685, -0.00526527
-0.21820734, 0.43641469, 0.8728599
0.87619287, 0.1544559
0.01075906, 0.00961685, -0.00526529
0.30149236, 0.90450758, 0.30149236
0.87619287, 0.17344791
0.01075906, 0.01725326, -0.00526529
0.30149236, -0.90450758, 0.30149236
0.888327, 0.17345041
-0.00114706, -0.10061, -0.02584527
-0.47248757, 0.0, -0.8813135
0.62958157, 0.46454173
-0.00114706, -0.1051423, 0.01393611
-0.39561144, 0.09540086, 0.91341901
0.69296372, 0.4717713
-0.00114705, 0.00961685, 0.00194842
-0.33768731, 0.69924009, 0.63005465
0.67387527, 0.28871542
0.01718464, 0.00961685, -0.02584534
0.57734919, 0.57734919, -0.57734919
0.77325428, 0.09674877
0.01075906, 0.00961685, -0.00526529
0.30149236, 0.90450758, 0.30149236
0.74046284, 0.08649892
0.01718464, 0.00961685, 0.00194836
0.58299506, 0.60359508, 0.54380929
0.72896886, 0.09674871
-0.00114705, 0.00961685, 0.00194842
-0.33768731, 0.69924009, 0.63005465
0.72896874, 0.06750685
0.01718463, -0.10061, -0.02584534
0.58354443, -0.54072696, -0.60585344
0.78211075, 0.80821943
0.01718464, 0.00961685, 0.00194836
0.58299506, 0.60359508, 0.54380929
0.44006085, 0.27186304
0.01718463, -0.1051423, 0.01393605
0.56675923, -0.58528399, 0.57982117
0.42099437, 0.45491379
0.01718463, -0.10061, -0.02584534
0.58354443, -0.54072696, -0.60585344
0.48436895, 0.44768441
-0.00114706, -0.1051423, 0.01393611
-0.39561144, 0.09540086, 0.91341901
0.73346955, 0.74802968
0.01718463, -0.1051423, 0.01393605
0.56675923, -0.58528399, 0.57982117
0.76267856, 0.74803215
0.01718464, 0.00961685, 0.00194836
0.58299506, 0.60359508, 0.54380929
0.76267856, 0.56405979
0.01173116, 0.31795326, -0.00957761
0.71382791, -0.6855678, 0.14276558
0.23884831, 0.19061863
0.01173116, 0.44112784, -0.00960897
0.71395004, 0.68578142, 0.14120914
0.2388483, 0.38709277
0.00390673, 0.31793571, -0.02421606
0.27863398, -0.68617815, -0.67192602
0.82074058, 0.98404668
0.00145262, 0.44110939, -0.02499187
0.14194159, 0.68514055, -0.7144078
0.82465088, 0.78756537
0.00390673, 0.44111028, -0.02424743
0.27845088, 0.6852321, -0.67296368
0.82074058, 0.78756393
0.00977779, 0.31794149, -0.01939781
0.60533464, -0.68590349, -0.40379038
0.22326066, 0.1905722
0.00815087, 0.44111368, -0.0214116
0.51454204, 0.68529314, -0.51530504
0.22014984, 0.38701856
0.00977779, 0.44111606, -0.01942918
0.60505998, 0.68538469, -0.40507218
0.22326064, 0.38704628
0.01228724, 0.09909375, 0.0276954
0.8537553, 0.24542986, 0.45918149
0.24962369, 0.15863228
0.01228724, 0.15523839, 0.0276954
0.86962491, -0.29609057, 0.39503157
0.24962367, 0.06931901
0.00954014, 0.06587509, 0.10057622
0.57542652, 0.25467697, 0.77715385
0.23422511, 0.7949927
0.00954014, 0.04717042, 0.09059843
0.69505906, -0.37107456, 0.61574143
0.21832439, 0.76515712
-0.00114705, 0.06594224, 0.10057628
-0.33188879, 0.29895931, 0.89468062
0.46296313, 0.23995996
0.00954014, 0.06587509, 0.10057622
0.57542652, 0.25467697, 0.77715385
0.47999176, 0.23995954
-0.00114705, 0.07692391, 0.03503889
-1.0, 0.0, 0.0
0.12035158, 0.5141784
-0.00114705, 0.09365946, 0.04196226
-0.43903929, 0.82573932, 0.35407576
0.10931912, 0.5408738
0.00957095, 0.0640751, 0.02859267
0.77477342, -0.63222146, 0.00222785
0.11954655, 0.79212198
0.01228724, 0.05980238, 0.0124932
0.86803794, -0.28550065, 0.40614033
0.09381812, 0.78534697
-0.00114705, 0.0640751, 0.02859269
-0.57109284, -0.80996126, -0.13336588
0.13062339, 0.49368286
0.01228724, 0.05980238, 0.0124932
0.86803794, -0.28550065, 0.40614033
0.73044318, 0.12865186
0.00957095, 0.0640751, 0.02859267
0.77477342, -0.63222146, 0.00222785
0.73474973, 0.15481979
0.00954014, 0.03045267, 0.07926517
0.5777154, -0.80080569, 0.15790276
0.95000929, 0.93014529
0.00954014, 0.04717042, 0.09059843
0.69505906, -0.37107456, 0.61574143
0.95000321, 0.95540003
0.00954014, 0.06587509, 0.10057622
0.57542652, 0.25467697, 0.77715385
0.95000929, 0.9839757
-0.00114705, 0.04717041, 0.09059846
-0.43537706, -0.46449172, 0.77114171
0.03183295, 0.46671766
-0.00114705, 0.06594224, 0.10057628
-0.33188879, 0.29895931, 0.89468062
0.01593369, 0.49666119
0.00954014, 0.03045267, 0.07926517
0.5777154, -0.80080569, 0.15790276
0.20026481, 0.73849085
-0.00114705, 0.03045267, 0.07926519
-0.33371991, -0.92486346, 0.18228705
0.04989156, 0.44005066
0.00954014, 0.03045267, 0.07926517
0.5777154, -0.80080569, 0.15790276
0.73508, 0.23079449
0.00581504, 0.17416063, -0.03173768
0.85476243, 0.0, -0.51896727
0.92781204, 0.45699131
-0.00114705, 0.17416063, -0.03535747
-0.11185034, 0.0, -0.9937132
0.93890524, 0.45699096
-0.00114703, 0.3051492, -0.05417781
0.03399762, -0.51841789, -0.85442668
0.56331635, 0.30607277
-0.00114703, 0.31732711, -0.05417781
0.0, 0.57206947, -0.82018495
0.56331635, 0.28664798
0.00447541, 0.31735283, -0.04799075
0.70134586, 0.64415419, -0.30518508
0.55362362, 0.28652173
0.00447541, 0.30516422, -0.04799075
0.70528275, -0.63924068, -0.30640584
0.55362362, 0.30596364
0.00447541, 0.31735283, -0.04799075
0.70134586, 0.64415419, -0.30518508
0.97566658, 0.8029597
0.00926544, 0.08674617, -0.03326264
0.0, 0.04626606, 0.99890131
0.83130109, 0.70410293
0.00145262, 0.31793481, -0.0249605
0.14203314, -0.68620867, -0.71337014
0.82465088, 0.98404801
-0.00109958, 0.44110909, -0.02524325
0.0, 0.68514055, -0.72838527
0.82871747, 0.78756574
-0.01197694, 0.44111606, -0.01942918
-0.60505998, 0.68538469, -0.40507218
0.83146864, 0.47173822
-0.01318586, 0.31794417, -0.01713609
-0.67256689, -0.68587297, -0.27780998
0.82788616, 0.27527291
-0.01035002, 0.44111368, -0.02141158
-0.51454204, 0.68529314, -0.51530504
0.83459872, 0.47172046
-0.01197694, 0.31794149, -0.01939781
-0.60533464, -0.68590349, -0.40379038
0.83146858, 0.27525854
-0.00114705, 0.05931571, -0.03077874
0.0, 0.09018219, 0.99591053
0.81471229, 0.74803212
0.0115094, 0.05931571, -0.03077878
0.0, 0.09018219, 0.99591053
0.83487862, 0.74803209
0.01404817, 0.17227621, -0.03634686
0.46250802, -0.70079654, -0.54304636
0.37346408, 0.17341185
0.01404818, 0.29407853, -0.03634686
0.68141729, 0.37629321, -0.6277352
0.77325428, 0.45699131
0.01404818, 0.29407853, -0.03634686
0.68141729, 0.37629321, -0.6277352
0.87532425, 0.84620826
-0.00114703, 0.30334407, -0.03634682
-0.42207098, 0.72072512, -0.54988253
0.89953578, 0.84616791
0.01404817, 0.18154176, 0.0140771
0.61769462, -0.42576373, 0.66118354
0.3249962, 0.21510613
-0.00114704, 0.17874618, 0.01407712
-0.2412183, -0.61058384, 0.75426495
0.40402985, 0.48681694
-0.00114703, 0.30334407, 0.00039519
-0.36787012, 0.74629962, 0.55464339
0.4258168, 0.6855669
-0.00114703, 0.30334407, -0.03634682
-0.42207098, 0.72072512, -0.54988253
0.48435685, 0.6855669
0.01404817, 0.18154176, 0.0140771
0.61769462, -0.42576373, 0.66118354
0.59771419, 0.55252901
0.01404817, 0.17227621, -0.03634686
0.46250802, -0.70079654, -0.54304636
0.51623631, 0.54680458
0.01404818, 0.29407853, -0.03634686
0.68141729, 0.37629321, -0.6277352
0.53789729, 0.73987585
-0.01458135, 0.02949946, -0.03639017
-0.62016666, -0.34513381, -0.70442826
0.62958157, 0.50367442
-0.01458135, 0.05980238, 0.0124932
-0.86803794, -0.28550065, 0.40614033
0.48436877, 0.09193611
-0.00114705, 0.09916091, 0.02769542
-0.64213997, 0.43275246, 0.63270974
0.46296316, 0.1238485
-0.01458134, 0.15523839, -0.03639017
-0.70708334, 0.0, -0.70708334
0.48435661, 0.93757438
-0.01458136, 0.15692495, 0.03346518
-0.57734919, -0.39216286, 0.71611685
0.28209582, 0.34966743
-0.01344892, 0.19201443, 0.06739859
-0.70552689, 0.690054, -0.16132084
0.86674595, 0.68030044
-0.00114705, 0.18437335, 0.02544186
-0.33332315, 0.82692951, 0.45283365
0.53764206, 0.06057686
-0.00114705, 0.18205929, 0.02611829
-0.7156285, 0.60466325, 0.34962004
0.8247236, 0.0918197
-0.01344921, 0.18261074, 0.13278261
-0.56428725, -0.33942688, 0.75255591
0.86674595, 0.51101059
-0.01344921, 0.18261074, 0.13278261
-0.56428725, -0.33942688, 0.75255591
0.55544102, 0.25459212
-0.00114705, 0.18753238, -0.00250623
0.0, 0.80718404, 0.59025848
0.09799616, 0.17817473
-0.01165213, 0.18753238, -0.01598583
-0.43391216, 0.85421306, -0.28635517
0.01593372, 0.1781345
-0.01165213, 0.18753238, -0.01598583
-0.43391216, 0.85421306, -0.28635517
0.62279809, 0.04785687
-0.00114705, 0.18753238, -0.00250623
0.0, 0.80718404, 0.59025848
0.94974202, 0.17857951
-0.01491031, 0.18753238, -0.01877299
-0.6805017, 0.60731834, -0.40989411
0.29312807, 0.42548847
-0.01491031, 0.18753238, -0.00421231
-0.6805017, 0.60731834, 0.40986359
0.70426053, 0.50892591
-0.00114705, 0.18753238, 0.00306809
0.0, 0.61543626, 0.78814054
0.17408539, 0.13671952
0.00145262, 0.31796557, 0.00070093
0.14194159, -0.68514055, 0.7144078
0.87712264, 0.27540648
0.00145262, 0.44114015, 0.00066956
0.14203314, 0.6860866, 0.7134617
0.87712264, 0.4713527
-0.00114703, 0.3051492, -0.03535747
0.45005646, -0.75389874, -0.47859126
0.28166005, 0.23304856
-0.00810913, 0.29587293, -0.03173769
-0.8908658, -0.12082278, -0.43781853
0.29312885, 0.2442674
-0.00114703, 0.3051492, -0.05417781
0.03399762, -0.51841789, -0.85442668
0.29312885, 0.20531493
-0.00810914, 0.16489509, -0.03173769
-0.84554583, 0.0, -0.53386027
0.36062768, 0.6855669
-0.00810914, 0.17416063, -0.02449801
-0.91692859, 0.0, 0.39896849
0.37216246, 0.67078644
-0.00810913, 0.31732711, -0.02449801
-0.67937255, 0.60683006, 0.41248816
0.95561475, 0.84043404
-0.01305318, 0.01725326, -0.01863167
-0.30149236, -0.90450758, -0.30149236
0.87619287, 0.2053535
-0.01305318, 0.01725326, -0.0052653
-0.30149236, -0.90450758, 0.30149236
0.89049858, 0.0599165
-0.01947876, 0.00961685, -0.02584534
-0.57734919, 0.57734919, -0.57734919
0.72369236, 0.98404843
-0.01947876, -0.1051423, 0.01393605
-0.48356578, 0.61601609, 0.62181461
0.69182503, 0.98404844
0.01098671, 0.31795621, -0.00712348
0.67238379, -0.68547624, 0.27927488
0.24277969, 0.19061202
0.01098671, 0.44113079, -0.00715485
0.67256689, 0.68587297, 0.27780998
0.24277967, 0.38708615
-0.01458134, 0.15523839, 0.0276954
-0.86962491, -0.29609057, 0.39503157
0.20681228, 0.06932801
-0.01183425, 0.06587509, 0.10057621
-0.57542652, 0.25467697, 0.77715385
0.26609248, 0.7950037
-0.01183425, 0.06587509, 0.10057621
-0.57542652, 0.25467697, 0.77715385
0.98406637, 0.98390757
-0.01183425, 0.03045267, 0.07926515
-0.5777154, -0.80080569, 0.15790276
0.76913691, 0.23079449
-0.00676949, 0.30516422, -0.04799075
-0.84005249, -0.32258064, -0.43614003
0.33475554, 0.46183282
-0.00676949, 0.31735283, -0.04799075
-0.70134586, 0.64415419, -0.30518508
0.95774931, 0.8029597
-0.01155954, 0.19114323, -0.03326265
0.0, 0.0, 1.0
0.798154, 0.53803113
-0.00836761, 0.44111174, -0.02303852
-0.40424818, 0.68526262, -0.60573137
0.84029812, 0.7875618
-0.01035002, 0.31793907, -0.02138022
-0.51481676, -0.68605608, -0.51402324
0.8434568, 0.9840416
-0.01035002, 0.44111368, -0.02141158
-0.51454204, 0.68529314, -0.51530504
0.8434568, 0.7875589
-0.00610588, 0.44111028, -0.02424743
-0.27842036, 0.68517107, -0.67302471
0.83669436, 0.78756393
-0.00836761, 0.31793714, -0.02300715
-0.40449232, -0.6860866, -0.60466325
0.84029812, 0.9840445
-0.01634226, 0.17538394, 0.01407709
-0.51301616, -0.61583298, 0.59791863
0.3249962, 0.09286958
-0.01634226, 0.17538394, -0.03634687
-0.51579332, -0.64241463, -0.56672871
0.7248311, 0.26765496
-0.01634225, 0.30334407, 0.00039515
-0.57029939, 0.67390972, 0.46961883
0.37342212, 0.41048723
-0.01634225, 0.30334407, 0.00039515
-0.57029939, 0.67390972, 0.46961883
0.53802276, 0.98404844
-0.00114705, 0.02949946, 0.01249321
-0.36759543, -0.40916166, 0.83510852
0.15627764, 0.43853021
0.01228724, 0.02949946, -0.03639017
0.62016666, -0.34513381, -0.70442826
0.67239314, 0.50367445
0.01228724, 0.05980238, 0.0124932
0.86803794, -0.28550065, 0.40614033
0.44155735, 0.09194505
-0.00114705, 0.01725326, -0.02059988
-0.38526565, -0.873043, -0.29886776
0.0, 1.0
0.01228724, 0.02949946, 0.0124932
0.62016666, -0.34513381, 0.70442826
0.12418055, 0.06857771
0.01115467, 0.15923901, 0.03278878
0.31388286, -0.0397351, 0.94860685
0.69296372, 0.09302771
-0.00114705, 0.15692495, 0.03346524
-0.33332315, -0.45283365, 0.82692951
0.59518373, 0.51490143
-0.00114705, 0.15923901, 0.03278881
0.331431, -0.47276223, 0.81646168
0.59518373, 0.51105604
-0.00114705, 0.18437335, 0.02544186
-0.33332315, 0.82692951, 0.45283365
0.59518373, 0.46928924
0.01115512, 0.18261074, 0.13278262
0.56428725, -0.33942688, 0.75255591
0.86674595, 0.55025816
0.00935803, 0.18753238, -0.01598582
0.43391216, 0.85421306, -0.28635517
0.04941065, 0.1781345
0.00935803, 0.18753238, -0.00699945
0.43391216, 0.85421306, 0.28635517
0.93691373, 0.74802968
0.01261622, 0.18753238, -0.01877298
0.6805017, 0.60731834, -0.40989411
0.29312807, 0.38157934
0.01261622, 0.18753238, -0.0042123
0.6805017, 0.60731834, 0.40989411
0.75819194, 0.50892723
0.00935805, 0.31852761, -0.01598582
0.43391216, -0.85421306, -0.28635517
0.67961651, 0.02346081
-0.00109957, 0.31796587, 0.00095231
0.0, -0.68517107, 0.72835475
0.88118809, 0.27537638
-0.00109957, 0.44114044, 0.00092094
0.0, 0.68620867, 0.72737813
0.88118809, 0.47132266
-0.00114703, 0.3051492, -0.03535747
0.45005646, -0.75389874, -0.47859126
0.28166005, 0.14360112
0.00581506, 0.31732711, -0.024498
0.67937255, 0.60683006, 0.41248816
0.51623631, 0.28653651
-0.00114705, 0.01725326, -0.00526527
-0.44718772, 0.0, 0.89440596
0.17494489, 0.08282691
0.00581506, 0.31732711, -0.03173768
0.71550643, 0.69795829, -0.02935881
0.52776986, 0.28653842
0.00581506, 0.31732711, -0.024498
0.67937255, 0.60683006, 0.41248816
0.97780114, 0.84043404
-0.00114705, 0.00961685, -0.01863164
-0.44718772, 0.0, -0.89440596
0.0, 1.0
0.01075906, 0.01725326, -0.01863166
0.30149236, -0.90450758, -0.30149236
0.87619287, 0.24333775
0.01075906, 0.01725326, -0.00526529
0.30149236, -0.90450758, 0.30149236
0.02020149, 0.05089056
-0.00114705, 0.00961685, -0.02584529
-0.33335367, 0.6666463, -0.6666463
0.6295923, 0.28871542
0.01075906, 0.00961685, -0.01863166
0.30149236, 0.90450758, -0.30149236
0.76176029, 0.08649892
0.00977779, 0.31795889, -0.00486178
0.60505998, -0.68541521, 0.40504166
0.24641806, 0.19059795
0.01718464, 0.00961685, -0.02584534
0.57734919, 0.57734919, -0.57734919
0.78211069, 0.98404844
0.01718464, 0.00961685, -0.02584534
0.57734919, 0.57734919, -0.57734919
0.48433906, 0.27186304
0.01098671, 0.31794417, -0.01713609
0.67256689, -0.68587297, -0.27780998
0.22682859, 0.19059414
-0.00114706, -0.10061, -0.02584527
-0.47248757, 0.0, -0.8813135
0.92781204, 0.13775694
0.01718463, -0.1051423, 0.01393605
0.56675923, -0.58528399, 0.57982117
0.95702088, 0.07517213
-0.00114706, -0.1051423, 0.01393611
-0.39561144, 0.09540086, 0.91341901
0.92781204, 0.07514453
-0.00114706, -0.10061, -0.02584527
-0.47248757, 0.0, -0.8813135
0.02020149, 0.14623129
-0.01947876, -0.1051423, 0.01393605
-0.48356578, 0.61601609, 0.62181461
0.04941066, 0.08279383
-0.00114706, -0.1051423, 0.01393611
-0.39561144, 0.09540086, 0.91341901
0.0202015, 0.08279371
0.00616845, 0.31793714, -0.02300715
0.40449232, -0.68611711, -0.60463274
0.81713682, 0.9840445
0.00581506, 0.30513847, -0.03173768
0.94772178, -0.17609181, -0.26599932
0.92781204, 0.24806124
0.00926545, 0.20040876, -0.03326264
0.0, 0.0, 1.0
0.83133882, 0.52329177
0.01404817, 0.17227621, -0.03634686
0.46250802, -0.70079654, -0.54304636
0.77325428, 0.26269764
-0.00365177, 0.44110939, -0.02499187
-0.14194159, 0.68517107, -0.71437728
0.83278406, 0.78756537
-0.00610588, 0.31793571, -0.02421606
-0.27863398, -0.68617815, -0.67192602
0.83669436, 0.98404668
-0.00365177, 0.31793481, -0.0249605
-0.14206366, -0.68620867, -0.71333963
0.83278406, 0.98404801
0.01404817, 0.18154176, 0.0140771
0.61769462, -0.42576373, 0.66118354
0.37346408, 0.09201193
0.01404818, 0.30334407, 0.00039516
0.57054353, 0.67500842, 0.46772668
0.87532425, 0.78755897
0.01404818, 0.30334407, 0.00039516
0.57054353, 0.67500842, 0.46772668
0.32499915, 0.41048288
-0.00114704, 0.17874618, -0.03634682
-0.35917234, -0.57936341, -0.73162025
0.48436895, 0.48681694
0.01404818, 0.30334407, 0.00039516
0.57054353, 0.67500842, 0.46772668
0.59771419, 0.74803215
-0.0139303, 0.31795326, -0.00957759
-0.71382791, -0.6855678, 0.14276558
0.81585646, 0.2752918
-0.0139303, 0.44112784, -0.00960895
-0.71395004, 0.68578142, 0.14120914
0.81585652, 0.4717713
-0.01318585, 0.31795621, -0.00712348
-0.67238379, -0.68547624, 0.27927488
0.81193334, 0.275289
-0.01318585, 0.44113079, -0.00715485
-0.67256689, 0.68587297, 0.27780998
0.8119334, 0.47176868
-0.01197693, 0.31795889, -0.00486176
-0.60505998, -0.68544573, 0.40501115
0.80830866, 0.27528185
-0.01197693, 0.4411335, -0.00489313
-0.60533464, 0.68599504, 0.4036378
0.80830872, 0.47176152
-0.01035, 0.31796131, -0.00287934
-0.51454204, -0.68529314, 0.51536608
0.80512166, 0.27527058
-0.01035, 0.44113585, -0.0029107
-0.51481676, 0.68605608, 0.51405376
0.80512172, 0.47175008
-0.01035, 0.44113585, -0.0029107
-0.51481676, 0.68605608, 0.51405376
0.89594465, 0.4717651
-0.00836758, 0.31796324, -0.00125242
-0.40424818, -0.6852321, 0.6057924
0.89277864, 0.2756303
-0.00836758, 0.44113779, -0.00128379
-0.40452284, 0.6860866, 0.60466325
0.89277864, 0.47157657
-0.00610586, 0.31796467, -4.351e-05
-0.27845088, -0.68520159, 0.6729942
0.88916939, 0.27549052
-0.00610586, 0.44113928, -7.487e-05
-0.27863398, 0.68617815, 0.67192602
0.88916939, 0.47143686
-0.01318586, 0.31794417, -0.01713609
-0.67256689, -0.68587297, -0.27780998
0.81600118, 0.02074182
0.01098671, 0.31794417, -0.01713609
0.67256689, -0.68587297, -0.27780998
0.81976342, 0.05911607
0.01098671, 0.31795621, -0.00712348
0.67238379, -0.68547624, 0.27927488
0.83558434, 0.0575552
-0.00365174, 0.31796557, 0.00070093
-0.14194159, -0.68517107, 0.7144078
0.88525575, 0.27540475
-0.00365174, 0.44114015, 0.00066956
-0.14203314, 0.68620867, 0.71337014
0.88525575, 0.47135109
-0.01035002, 0.44111368, -0.02141158
-0.51454204, 0.68529314, -0.51530504
0.33277288, 0.04539901
-0.01035, 0.44113585, -0.0029107
-0.51481676, 0.68605608, 0.51405376
0.35877079, 0.05931073
0.00815087, 0.44113585, -0.00291072
0.51481676, 0.68605608, 0.51405376
0.37266698, 0.03328371
0.00815087, 0.31796131, -0.00287936
0.51454204, -0.68526262, 0.51536608
0.8664661, 0.27582502
0.00815087, 0.31793907, -0.02138023
0.51481676, -0.68605608, -0.51402324
0.22014987, 0.19054443
-0.00109958, 0.31793448, -0.02521188
0.0, -0.68620867, -0.72734761
0.82871747, 0.98404844
-0.01035002, 0.31793907, -0.02138022
-0.51481676, -0.68605608, -0.51402324
0.83459866, 0.27524084
0.01718463, -0.10061, -0.02584534
0.58354443, -0.54072696, -0.60585344
0.95702088, 0.13778454
-0.01947876, -0.10061, -0.02584534
-0.62709433, 0.58110297, -0.5186621
0.04941065, 0.14623141
-0.01035, 0.31796131, -0.00287934
-0.51454204, -0.68529314, 0.51536608
0.89594465, 0.27581888
0.00977779, 0.31795889, -0.00486178
0.60505998, -0.68541521, 0.40504166
0.83896989, 0.05528343
0.00390673, 0.31796467, -4.352e-05
0.27845088, -0.68520159, 0.6729942
0.84566945, 0.04521191
0.00815087, 0.31796131, -0.00287936
0.51454204, -0.68526262, 0.51536608
0.84184915, 0.05239165
0.00616845, 0.31796324, -0.00125244
0.40424818, -0.6852321, 0.6057924
0.84411126, 0.04899091
0.00145262, 0.31796557, 0.00070093
0.14194159, -0.68514055, 0.7144078
0.8464638, 0.04119998
-0.00109957, 0.31796587, 0.00095231
0.0, -0.68517107, 0.72835475
0.8464638, 0.03710914
-0.00365174, 0.31796557, 0.00070093
-0.14194159, -0.68517107, 0.7144078
0.84566933, 0.03309673
-0.00610586, 0.31796467, -4.351e-05
-0.27845088, -0.68520159, 0.6729942
0.84411114, 0.02931684
-0.00836758, 0.31796324, -0.00125242
-0.40424818, -0.6852321, 0.6057924
0.84184885, 0.02591479
-0.01318585, 0.31795621, -0.00712348
-0.67238379, -0.68547624, 0.27927488
0.8318221, 0.01918101
-0.01035, 0.31796131, -0.00287934
-0.51454204, -0.68529314, 0.51536608
0.83896965, 0.02302128
-0.01197693, 0.31795889, -0.00486176
-0.60505998, -0.68544573, 0.40501115
0.83558398, 0.0207476
-0.0139303, 0.31795326, -0.00957759
-0.71382791, -0.6855678, 0.14276558
0.82782847, 0.01838177
-0.01418168, 0.31795019, -0.01212978
-0.72786647, -0.68568987, 0.00076296
0.82375664, 0.01838052
-0.01393031, 0.31794715, -0.01468196
-0.71395004, -0.68578142, -0.14120914
0.81976306, 0.0191775
-0.01197694, 0.31794149, -0.01939781
-0.60533464, -0.68590349, -0.40379038
0.81261557, 0.02301359
-0.01035002, 0.31793907, -0.02138022
-0.51481676, -0.68605608, -0.51402324
0.80973637, 0.02590543
-0.00836761, 0.31793714, -0.02300715
-0.40449232, -0.6860866, -0.60466325
0.80747426, 0.02930611
-0.00610588, 0.31793571, -0.02421606
-0.27863398, -0.68617815, -0.67192602
0.80591607, 0.03308511
-0.00365177, 0.31793481, -0.0249605
-0.14206366, -0.68620867, -0.71333963
0.80512166, 0.0370971
-0.00109958, 0.31793448, -0.02521188
0.0, -0.68620867, -0.72734761
0.80512172, 0.04118788
0.00145262, 0.31793481, -0.0249605
0.14203314, -0.68620867, -0.71337014
0.80591613, 0.04520035
0.00390673, 0.31793571, -0.02421606
0.27863398, -0.68617815, -0.67192602
0.80747437, 0.04898024
0.00616845, 0.31793714, -0.02300715
0.40449232, -0.68611711, -0.60463274
0.80973667, 0.05238229
0.00815087, 0.31793907, -0.02138023
0.51481676, -0.68605608, -0.51402324
0.81261587, 0.05527574
0.00977779, 0.31794149, -0.01939781
0.60533464, -0.68590349, -0.40379038
0.81600153, 0.05754948
0.01173116, 0.31794715, -0.01468198
0.71398056, -0.6857509, -0.14123966
0.82375699, 0.0599153
0.01198253, 0.31795019, -0.01212979
0.72786647, -0.68568987, 0.00076296
0.82782888, 0.0599165
0.01173116, 0.31795326, -0.00957761
0.71382791, -0.6855678, 0.14276558
0.83182245, 0.05911958
0.00977779, 0.4411335, -0.00489315
0.60530412, 0.68599504, 0.40369883
0.37110314, 0.02950418
0.01198253, 0.44112477, -0.01216116
0.72786647, 0.68568987, -0.00076296
0.36254597, 0.02093738
0.01098671, 0.44113079, -0.00715485
0.67256689, 0.68587297, 0.27780998
0.36883304, 0.02610284
0.01173116, 0.44112784, -0.00960897
0.71395004, 0.68578142, 0.14120914
0.36594355, 0.02321017
0.01173116, 0.4411217, -0.01471335
0.71385843, 0.6855678, -0.14273506
0.35877079, 0.01937193
0.01098671, 0.44111878, -0.01716745
0.67235327, 0.68547624, -0.27927488
0.354763, 0.01857382
0.00977779, 0.44111606, -0.01942918
0.60505998, 0.68538469, -0.40507218
0.35067677, 0.01857382
0.00815087, 0.44111368, -0.0214116
0.51454204, 0.68529314, -0.51530504
0.34666899, 0.01937187
0.00616845, 0.44111174, -0.02303852
0.40421766, 0.6852321, -0.60582292
0.34289384, 0.02093738
0.00390673, 0.44111028, -0.02424743
0.27845088, 0.6852321, -0.67296368
0.33949625, 0.02321017
0.00145262, 0.44110939, -0.02499187
0.14194159, 0.68514055, -0.7144078
0.33660683, 0.02610284
-0.00109958, 0.44110909, -0.02524325
0.0, 0.68514055, -0.72838527
0.33433661, 0.02950424
-0.00365177, 0.44110939, -0.02499187
-0.14194159, 0.68517107, -0.71437728
0.33277288, 0.03328371
-0.00610588, 0.44111028, -0.02424743
-0.27842036, 0.68517107, -0.67302471
0.3319757, 0.03729594
-0.00836761, 0.44111174, -0.02303852
-0.40424818, 0.68526262, -0.60573137
0.33197567, 0.04138678
-0.01197694, 0.44111606, -0.01942918
-0.60505998, 0.68538469, -0.40507218
0.33433661, 0.04917842
-0.01318586, 0.44111878, -0.01716745
-0.67235327, 0.68547624, -0.2793054
0.33660677, 0.05257982
-0.01393031, 0.4411217, -0.01471333
-0.71382791, 0.6855678, -0.14276558
0.33949625, 0.05547249
-0.01418168, 0.44112477, -0.01216114
-0.72786647, 0.68568987, -0.00076296
0.34289384, 0.05774528
-0.0139303, 0.44112784, -0.00960895
-0.71395004, 0.68578142, 0.14120914
0.34666908, 0.05931073
-0.01318585, 0.44113079, -0.00715485
-0.67256689, 0.68587297, 0.27780998
0.3506768, 0.06010884
-0.01197693, 0.4411335, -0.00489313
-0.60533464, 0.68599504, 0.4036378
0.354763, 0.06010878
-0.00836758, 0.44113779, -0.00128379
-0.40452284, 0.6860866, 0.60466325
0.362546, 0.05774522
-0.00610586, 0.44113928, -7.487e-05
-0.27863398, 0.68617815, 0.67192602
0.36594358, 0.05547249
-0.00365174, 0.44114015, 0.00066956
-0.14203314, 0.68620867, 0.71337014
0.36883301, 0.05257982
-0.00109957, 0.44114044, 0.00092094
0.0, 0.68620867, 0.72737813
0.3711032, 0.04917842
0.00145262, 0.44114015, 0.00066956
0.14203314, 0.6860866, 0.7134617
0.37266693, 0.04539895
0.00390673, 0.44113928, -7.489e-05
0.27863398, 0.68617815, 0.67192602
0.37346408, 0.04138672
0.00616845, 0.44113779, -0.00128381
0.40455335, 0.68611711, 0.6045717
0.37346408, 0.03729588
# Number of Faces:
473
# Face Data:
0, 1, 2
3, 4, 5
6, 7, 8
9, 10, 11
6, 12, 10
0, 13, 14
15, 16, 17
18, 10, 9
13, 19, 20
21, 22, 23
24, 25, 26
24, 27, 28
19, 29, 30
31, 32, 33
7, 34, 35
36, 37, 38
39, 40, 41
22, 42, 43
44, 45, 46
47, 48, 49
39, 50, 51
40, 52, 53
49, 54, 55
56, 57, 58
59, 60, 61
62, 63, 64
57, 65, 66
67, 61, 68
69, 70, 71
72, 73, 74
75, 76, 77
78, 79, 80
81, 78, 82
81, 83, 84
85, 86, 87
88, 89, 90
91, 92, 93
94, 95, 96
97, 98, 96
99, 100, 98
101, 102, 103
104, 105, 106
107, 108, 109
110, 111, 112
113, 114, 115
116, 33, 117
116, 118, 119
38, 119, 120
121, 122, 123
124, 125, 126
127, 128, 129
130, 131, 132
133, 134, 132
135, 133, 136
137, 138, 139
140, 141, 142
143, 144, 145
146, 147, 148
149, 150, 151
152, 153, 147
154, 155, 156
157, 11, 158
17, 16, 159
12, 160, 11
161, 162, 163
164, 165, 166
167, 166, 168
11, 160, 169
170, 163, 171
172, 173, 174
175, 176, 177
112, 111, 175
115, 114, 178
179, 180, 181
182, 183, 184
185, 186, 182
180, 179, 187
188, 189, 190
191, 192, 193
194, 195, 196
197, 198, 199
200, 201, 202
203, 204, 205
2, 1, 206
207, 208, 209
5, 4, 210
211, 209, 203
212, 213, 214
215, 216, 217
218, 219, 220
214, 221, 222
14, 223, 206
216, 224, 225
17, 226, 227
228, 229, 218
20, 230, 223
231, 232, 23
233, 234, 235
236, 233, 229
30, 237, 230
238, 239, 240
241, 242, 33
243, 244, 213
36, 245, 246
247, 248, 249
250, 251, 224
43, 252, 253
254, 255, 46
256, 257, 258
259, 260, 261
51, 248, 247
262, 249, 53
263, 264, 258
265, 266, 260
58, 267, 268
269, 270, 61
271, 63, 62
265, 272, 273
66, 274, 267
270, 275, 68
276, 277, 69
74, 73, 278
279, 280, 281
282, 283, 80
284, 285, 283
84, 285, 284
286, 86, 85
287, 288, 289
93, 290, 291
94, 292, 293
293, 294, 295
294, 100, 99
296, 297, 298
299, 298, 300
301, 302, 303
304, 305, 306
307, 308, 309
310, 114, 113
311, 312, 313
242, 314, 117
315, 314, 242
120, 315, 246
316, 317, 318
319, 122, 121
320, 321, 322
323, 324, 325
326, 327, 328
329, 131, 130
330, 331, 329
135, 332, 331
333, 138, 137
334, 335, 336
337, 338, 339
340, 148, 341
342, 343, 344
345, 346, 347
348, 349, 156
219, 350, 351
17, 352, 353
354, 355, 215
220, 356, 357
211, 358, 354
359, 360, 163
361, 362, 166
362, 363, 168
364, 365, 355
220, 351, 366
367, 364, 354
360, 368, 171
369, 370, 174
371, 372, 373
309, 374, 373
310, 375, 178
181, 180, 376
377, 378, 343
379, 380, 185
381, 382, 379
180, 383, 384
190, 189, 385
193, 192, 386
387, 388, 196
199, 198, 389
390, 391, 392
393, 394, 395
396, 0, 2
397, 3, 5
12, 6, 8
157, 9, 11
18, 6, 10
1, 0, 14
398, 15, 17
18, 9, 399
232, 21, 23
9, 24, 399
14, 13, 20
27, 24, 26
399, 24, 28
20, 19, 30
116, 31, 33
8, 7, 35
245, 36, 38
50, 39, 41
23, 22, 43
400, 44, 46
401, 47, 49
402, 39, 51
41, 40, 53
401, 49, 55
403, 56, 58
67, 59, 61
404, 62, 64
58, 57, 66
405, 67, 68
406, 69, 71
407, 72, 74
408, 75, 77
82, 78, 80
83, 81, 82
409, 81, 84
410, 85, 87
411, 88, 90
412, 91, 93
292, 94, 96
95, 97, 96
97, 99, 98
413, 300, 414
301, 104, 106
415, 416, 417
112, 418, 419
420, 113, 115
419, 110, 112
118, 116, 117
38, 116, 119
245, 38, 120
421, 121, 123
422, 124, 126
323, 127, 129
134, 130, 132
136, 133, 132
332, 135, 136
423, 137, 139
424, 140, 142
337, 143, 145
425, 341, 426
427, 154, 156
428, 157, 158
352, 17, 159
10, 12, 11
170, 161, 163
167, 164, 166
429, 167, 168
158, 11, 169
430, 170, 171
370, 172, 174
431, 175, 177
431, 112, 175
432, 115, 178
433, 179, 181
434, 435, 436
437, 438, 434
383, 180, 187
439, 188, 190
440, 191, 193
388, 194, 196
441, 197, 199
442, 200, 202
443, 203, 205
444, 2, 206
211, 207, 209
445, 5, 210
443, 211, 203
357, 212, 214
207, 215, 208
222, 218, 220
357, 214, 222
215, 217, 208
1, 14, 206
217, 216, 225
398, 17, 227
218, 222, 221
14, 20, 223
221, 228, 218
253, 231, 23
229, 233, 235
228, 236, 229
20, 30, 230
446, 238, 240
32, 241, 33
212, 243, 213
447, 36, 246
262, 247, 249
216, 250, 224
23, 43, 253
45, 254, 46
448, 256, 258
449, 450, 451
402, 51, 247
52, 262, 53
257, 263, 258
259, 265, 260
403, 58, 268
60, 269, 61
452, 271, 62
266, 265, 273
58, 66, 267
61, 270, 68
406, 276, 69
453, 74, 278
454, 279, 281
79, 282, 80
282, 284, 283
409, 84, 284
455, 286, 85
456, 287, 289
412, 93, 291
457, 94, 293
457, 293, 295
295, 294, 99
458, 414, 459
104, 301, 303
460, 304, 306
307, 309, 461
462, 311, 313
309, 463, 461
464, 310, 113
33, 242, 117
246, 315, 242
245, 120, 246
465, 316, 318
466, 319, 121
467, 320, 322
127, 323, 325
468, 326, 328
469, 329, 130
469, 330, 329
330, 135, 331
470, 426, 102
471, 333, 137
472, 334, 336
143, 337, 339
473, 347, 153
474, 475, 476
477, 478, 479
480, 344, 150
155, 348, 156
220, 219, 351
226, 17, 353
207, 354, 215
222, 220, 357
207, 211, 354
162, 359, 163
165, 361, 166
166, 362, 168
354, 364, 355
356, 220, 366
358, 367, 354
163, 360, 171
481, 369, 174
374, 371, 373
463, 309, 373
114, 310, 178
482, 181, 376
386, 483, 193
484, 485, 437
378, 486, 484
376, 180, 384
487, 190, 385
488, 387, 196
489, 199, 389
490, 390, 392
491, 393, 395
184, 492, 493
493, 494, 495
495, 496, 497
497, 498, 499
500, 501, 502
502, 503, 504
505, 506, 507
504, 508, 509
509, 458, 459
510, 511, 512
101, 470, 102
146, 152, 147
149, 480, 150
152, 473, 153
182, 186, 183
185, 380, 186
296, 513, 297
299, 296, 298
340, 146, 148
342, 377, 343
345, 514, 346
377, 515, 378
379, 382, 380
381, 516, 382
413, 299, 300
425, 340, 341
434, 438, 435
437, 485, 438
458, 413, 414
470, 425, 426
473, 345, 347
474, 517, 475
477, 518, 478
480, 342, 344
484, 486, 485
378, 515, 486
184, 183, 492
493, 492, 494
495, 494, 496
497, 496, 498
500, 519, 501
502, 501, 503
507, 520, 521
522, 523, 521
521, 524, 525
525, 526, 521
527, 528, 529
530, 531, 529
529, 532, 533
533, 534, 529
505, 535, 536
536, 537, 538
538, 539, 540
540, 541, 538
542, 543, 506
544, 545, 506
506, 546, 547
547, 548, 506
520, 522, 521
521, 526, 527
528, 530, 529
529, 534, 505
505, 536, 542
538, 541, 542
543, 544, 506
506, 548, 507
507, 521, 505
527, 529, 505
536, 538, 542
542, 506, 505
521, 527, 505
504, 503, 508
509, 508, 458
512, 549, 550
551, 552, 550
550, 553, 554
554, 555, 556
556, 557, 558
558, 559, 556
560, 561, 510
562, 563, 510
510, 564, 565
565, 566, 510
567, 568, 569
569, 570, 511
511, 571, 572
572, 573, 511
574, 575, 576
576, 577, 512
549, 551, 550
550, 554, 512
556, 559, 560
561, 562, 510
510, 566, 567
567, 569, 510
511, 573, 574
574, 576, 511
512, 554, 556
556, 560, 512
510, 569, 511
511, 576, 512
512, 560, 510
