# Project Zomboid Skinned Mesh
# File Version:
1.0
# Model Name:
Cube.001
# Vertex Stride Element Count:
3
# Vertex Stride Size (in bytes):
76
# Vertex Stride Data:
# (Int)    Offset
# (String) Type
0
VertexArray
12
NormalArray
24
TextureCoordArray
# Vertex Count:
696
# Vertex Buffer:
0.0046605, 0.16487448, -0.03533849
0.99996948, 0.0, -0.00430311
0.42165524, 0.57112983
0.0047459, 0.17463438, -0.01558357
0.99996948, 0.0, -0.00430311
0.37018865, 0.54484195
0.00474585, 0.1646931, -0.01559643
0.99996948, 0.0, -0.00430311
0.36966482, 0.57051203
0.0046601, 0.17463438, -0.03543233
0.0, 1.0, 0.0
0.38265795, 0.17223769
-0.00803748, 0.17463438, -0.01552831
0.0, 1.0, 0.0
0.34899205, 0.22326398
0.0047459, 0.17463438, -0.01558357
0.0, 1.0, 0.0
0.38265795, 0.22326398
-0.00802107, 0.0194575, -0.01173123
0.00430311, -0.00399792, 0.99996948
0.60124952, 0.94531198
0.00476212, 0.00828247, -0.01183148
0.00430311, -0.00399792, 0.99996948
0.63491529, 0.97417243
0.00476232, 0.0194575, -0.01178649
0.00430311, -0.00399792, 0.99996948
0.63491529, 0.94531129
-0.00813816, 0.01313853, -0.038818
-0.00073244, -0.98471022, -0.17413862
0.43532962, 0.24349433
0.00474498, 0.00905711, -0.01579774
-0.00076296, -0.98312324, -0.18292795
0.46899524, 0.18382943
-0.00803841, 0.00905711, -0.01574248
-0.00076296, -0.98312324, -0.18292795
0.43532962, 0.18380767
0.00465265, 0.02299825, -0.03715626
-0.00424207, 0.17154454, -0.98513746
0.5479815, 0.21050024
-0.00813816, 0.01313853, -0.038818
-0.00424207, 0.17154454, -0.98513746
0.52166611, 0.24351609
-0.00813074, 0.02299825, -0.037101
-0.00424207, 0.17154454, -0.98513746
0.5479815, 0.24351609
-0.00803835, 0.02018011, -0.01572809
-0.99996948, 0.0, 0.00430311
0.48817861, 0.57491201
-0.00813816, 0.01313853, -0.038818
-0.99996948, 0.0, 0.00430311
0.54857862, 0.55545962
-0.00803841, 0.00905711, -0.01574248
-0.99996948, 0.0, 0.00430311
0.48759249, 0.5461905
-0.00803754, 0.1646931, -0.01554117
-0.99996948, 0.0, 0.00430311
0.49579358, 0.94806959
-0.0081148, 0.16408022, -0.03341457
-0.99996948, 0.0, 0.00430311
0.54281932, 0.94550372
-0.00803754, 0.16388406, -0.01554222
-0.99996948, 0.0, 0.00430311
0.49575096, 0.94598051
-0.00812288, 0.16487448, -0.03528323
-0.00167852, -0.92031616, -0.39115575
0.27790338, 0.02973938
0.00466858, 0.16408022, -0.03346983
-0.00167852, -0.92031616, -0.39115575
0.28284261, 0.06274706
-0.0081148, 0.16408022, -0.03341457
-0.00167852, -0.92031616, -0.39115575
0.28284261, 0.02973151
-0.0080036, 0.16464658, -0.00769066
0.00097659, -0.97347939, 0.22873622
0.95672905, 0.95983203
0.00476483, 0.16383377, -0.01120514
0.00097659, -0.97347939, 0.2287057
0.96582025, 0.92682502
0.00477979, 0.16464658, -0.00774592
0.00097659, -0.97347939, 0.2287057
0.95672905, 0.92681648
0.00466912, 0.02966356, -0.03334589
0.99996948, 0.0, -0.00430311
0.40882355, 0.9201486
0.00474584, 0.16388406, -0.01559748
0.99996948, 0.0, -0.00430311
0.36962217, 0.57260111
0.00474508, 0.0269693, -0.01577457
0.99996948, 0.0, -0.00430311
0.36240762, 0.92613875
0.00476483, 0.16383377, -0.01120514
0.99996948, 0.0, -0.00430311
0.35805449, 0.57248932
0.00476244, 0.02627846, -0.01175902
0.99996948, 0.0, -0.00430311
0.35179606, 0.92770164
-0.00801856, 0.16383377, -0.01114988
-0.99996948, 0.0, 0.00430311
0.48418322, 0.94609234
-0.0080036, 0.16464658, -0.00769066
-0.99996948, 0.0, 0.00430311
0.47512078, 0.94838136
-0.00802107, 0.0194575, -0.01173123
-0.99996948, 0.0, 0.00430311
0.47761443, 0.57326606
-0.00802126, 0.00828247, -0.01177622
-0.99996948, 0.0, 0.00430311
0.477106, 0.5444085
0.00476212, 0.00828247, -0.01183148
-0.000824, -0.98144472, -0.19165623
0.4689945, 0.17356879
-0.00802126, 0.00828247, -0.01177622
-0.000824, -0.98144472, -0.19165623
0.43532884, 0.17354703
-0.00800343, 0.17463438, -0.00765044
0.0, 1.0, 0.0
0.34899205, 0.24351609
0.00477996, 0.17463438, -0.0077057
0.0, 1.0, 0.0
0.38265795, 0.24351609
0.00477996, 0.17463438, -0.0077057
0.99996948, 0.0, -0.00430311
0.34944645, 0.5444085
0.00477979, 0.16464658, -0.00774592
0.99996948, 0.0, -0.00430311
0.34899202, 0.57020026
-0.00800343, 0.17463438, -0.00765044
-0.99996948, 0.0, 0.00430311
0.47557521, 0.97417312
0.00477996, 0.17463438, -0.0077057
0.00430311, -0.00399792, 0.99996948
0.52166611, 0.12583029
-0.0080036, 0.16464658, -0.00769066
0.00430311, -0.00399792, 0.99996948
0.54796904, 0.1588465
0.00477979, 0.16464658, -0.00774592
0.00430311, -0.00399792, 0.99996948
0.54796898, 0.12583083
-0.00812329, 0.17463438, -0.03537707
-0.00430311, -0.00961333, -0.99993896
0.88221264, 0.40622109
0.0046605, 0.16487448, -0.03533849
-0.00430311, -0.00961333, -0.99993896
0.90771329, 0.43923694
-0.00812288, 0.16487448, -0.03528323
-0.00430311, -0.00961333, -0.99993896
0.90771335, 0.40622109
-0.00803748, 0.17463438, -0.01552831
-0.99996948, 0.0, 0.00430311
0.49631742, 0.9737397
-0.00812288, 0.16487448, -0.03528323
-0.99996948, 0.0, 0.00430311
0.54778403, 0.94745179
0.00466858, 0.16408022, -0.03346983
0.99996948, 0.0, -0.00430311
0.41669056, 0.57307789
-0.00802096, 0.02554281, -0.01170672
-0.99996948, 0.0, 0.00430311
0.4778913, 0.58898032
-0.00803834, 0.0211115, -0.01572688
-0.99996948, 0.0, 0.00430311
0.4882277, 0.57731703
-0.00802105, 0.02039324, -0.01172746
-0.99996948, 0.0, 0.00430311
0.47765702, 0.57568246
0.00474504, 0.02018011, -0.01578335
0.99996948, 0.0, -0.00430311
0.36204988, 0.94366961
0.00476233, 0.02039324, -0.01178272
0.99996948, 0.0, -0.00430311
0.35152829, 0.94289917
0.00476232, 0.0194575, -0.01178649
0.99996948, 0.0, -0.00430311
0.3514857, 0.94531556
0.00466132, 0.02391264, -0.03515001
0.99996948, 0.0, -0.00430311
0.41325113, 0.93509732
0.00474505, 0.0211115, -0.01578215
0.99996948, 0.0, -0.00430311
0.36209896, 0.94126461
-0.00803831, 0.02623707, -0.01572025
-0.99996948, 0.0, 0.00430311
0.48849776, 0.59055212
-0.00812207, 0.02391264, -0.03509475
-0.99996948, 0.0, 0.00430311
0.53937984, 0.58348429
0.00466346, 0.0289447, -0.03465385
-0.00427259, 0.09811701, -0.99514759
0.60124952, 0.11567801
-0.00812207, 0.02391264, -0.03509475
-0.00427259, 0.09811701, -0.99514759
0.61456376, 0.08266222
-0.00811992, 0.0289447, -0.03459859
-0.00427259, 0.09811701, -0.99514759
0.60124952, 0.08266222
-0.00802096, 0.02554281, -0.01170672
0.00430311, -0.00399792, 0.99996948
0.60124952, 0.9295958
0.00476233, 0.02039324, -0.01178272
0.00430311, -0.00399792, 0.99996948
0.63491529, 0.94289461
0.00476242, 0.02554281, -0.01176198
0.00430311, -0.00399792, 0.99996948
0.63491529, 0.92959511
0.00464522, 0.01313853, -0.03887326
0.99996948, 0.0, -0.00430311
0.42244992, 0.96312201
0.00474498, 0.00905711, -0.01579774
0.99996948, 0.0, -0.00430311
0.36146376, 0.97239111
0.00476212, 0.00828247, -0.01183148
0.99996948, 0.0, -0.00430311
0.35097727, 0.97417312
-0.00812207, 0.02391264, -0.03509475
-0.00177007, 0.90993989, -0.41471604
0.97034973, 0.29846871
0.00465265, 0.02299825, -0.03715626
-0.00177007, 0.90993989, -0.41471604
0.96532208, 0.26545292
-0.00813074, 0.02299825, -0.037101
-0.00177007, 0.90993989, -0.41471604
0.96532208, 0.29846871
0.00476483, 0.16383377, -0.01120514
0.00430311, -0.00399792, 0.99996948
0.63491529, 0.57243887
-0.00802095, 0.02627846, -0.01170376
0.00430311, -0.00399792, 0.99996948
0.60124952, 0.92769589
0.00476244, 0.02627846, -0.01175902
0.00430311, -0.00399792, 0.99996948
0.63491529, 0.92769519
0.00466858, 0.16408022, -0.03346983
-0.00430311, -0.00091556, -0.99996948
0.80622464, 0.97417312
-0.00811427, 0.02966356, -0.03329063
-0.00430311, -0.00091556, -0.99996948
0.77255869, 0.62940115
-0.0081148, 0.16408022, -0.03341457
-0.00430311, -0.00091556, -0.99996948
0.77255869, 0.97417304
-0.00811427, 0.02966356, -0.03329063
-0.99996948, 0.0, 0.00430311
0.53495228, 0.59843302
-0.00803831, 0.0269693, -0.01571931
-0.99996948, 0.0, 0.00430311
0.48853636, 0.59244287
-0.00802095, 0.02627846, -0.01170376
-0.99996948, 0.0, 0.00430311
0.47792476, 0.59087998
0.00474507, 0.02623707, -0.01577552
0.99996948, 0.0, -0.00430311
0.36236906, 0.92802949
0.00476242, 0.02554281, -0.01176198
0.99996948, 0.0, -0.00430311
0.35176259, 0.92960132
0.00466912, 0.02966356, -0.03334589
-0.00207526, 0.87633902, -0.48164311
0.71493977, 0.05884272
-0.00811992, 0.0289447, -0.03459859
-0.00207526, 0.87633902, -0.48161259
0.7181865, 0.02582687
-0.00811427, 0.02966356, -0.03329063
-0.00207526, 0.87633902, -0.48161259
0.71493977, 0.02582687
-0.00160237, 0.17478669, -0.0184234
0.00430311, -0.00222785, 0.99996948
0.95360303, 0.74363557
-0.00273725, 0.18304634, -0.01851171
-0.19083224, -0.00219733, 0.98159736
0.95061624, 0.72230756
-0.00273733, 0.17478687, -0.01853023
-0.19083224, -0.00219733, 0.98159736
0.95061624, 0.74363843
-0.00382957, 0.18304686, -0.01883791
-0.37867367, -0.00204474, 0.92550433
0.94774586, 0.72231585
-0.00382965, 0.1747874, -0.01885643
-0.37867367, -0.00204474, 0.92550433
0.94774586, 0.74364668
-0.00483726, 0.18304774, -0.01937095
-0.55192727, -0.00186163, 0.83385724
0.94510233, 0.72232917
-0.00483734, 0.17478825, -0.01938946
-0.5519883, -0.00186163, 0.83382672
0.94510227, 0.74366
-0.00572159, 0.18304887, -0.02009032
-0.63103122, -0.00170904, 0.77571946
0.94278717, 0.72234714
-0.00572167, 0.17478941, -0.02010884
-0.63103122, -0.00170904, 0.77571946
0.94278717, 0.74367794
-0.00572167, 0.17478941, -0.02010884
-0.77025664, -0.00140385, 0.63771474
0.94386798, 0.64931923
-0.00644859, 0.18305029, -0.02096841
-0.82903528, -0.00122074, 0.55916011
0.94618869, 0.67064947
-0.00644867, 0.17479081, -0.02098693
-0.8290658, -0.00122074, 0.5591296
0.94618869, 0.64931774
-0.00699032, 0.1830519, -0.02197145
-0.92217779, -0.00085452, 0.38670003
0.94883639, 0.6706478
-0.0069904, 0.17479241, -0.02198996
-0.92220831, -0.00085452, 0.386639
0.94883639, 0.64931604
-0.00732595, 0.18305363, -0.0230609
-0.97991884, -0.00042726, 0.1993469
0.95170933, 0.67064595
-0.00732603, 0.17479414, -0.02307942
-0.97991884, -0.00042726, 0.19928586
0.95170933, 0.64931419
-0.00744259, 0.18305543, -0.0241949
-0.99996948, 0.0, 0.00433363
0.95469707, 0.67064407
-0.00744267, 0.17479596, -0.02421341
-0.99996948, 0.0, 0.00427259
0.95469701, 0.64931229
-0.00733576, 0.18305723, -0.02532985
-0.98159736, 0.00042726, -0.19080172
0.95768476, 0.67064211
-0.00733584, 0.17479776, -0.02534837
-0.98159736, 0.00042726, -0.19086276
0.95768476, 0.64931038
-0.00715597, 0.00332312, 0.06481324
-0.00024415, -0.99829096, -0.05795465
0.79756141, 0.36914182
0.00496193, 0.00380058, 0.06142485
-0.00079348, -0.98202461, -0.18866542
0.82950693, 0.37780416
0.00497635, 0.00332312, 0.0647608
-0.00024415, -0.99829096, -0.05795465
0.82951242, 0.369178
-0.00700956, 0.18305896, -0.02642217
-0.92553484, 0.00085452, -0.37864316
0.9605577, 0.67064026
-0.00700964, 0.1747995, -0.02644069
-0.92550433, 0.00085452, -0.37870419
0.9605577, 0.64930862
-0.00714098, 0.0499125, 0.06828077
-0.99996948, 0.0, 0.00430311
0.4713293, 0.43589658
-0.00715597, 0.00332312, 0.06481324
-0.99996948, 0.0, 0.00430311
0.34975967, 0.45446038
-0.00712498, 0.05037535, 0.07198203
-0.99996948, 0.0, 0.00430311
0.47472692, 0.4449358
-0.00647652, 0.18306059, -0.02742985
-0.83385724, 0.00122074, -0.55192727
0.9632054, 0.67063865
-0.0064766, 0.1748011, -0.02744837
-0.83382672, 0.00122074, -0.5519883
0.9632054, 0.64930686
0.00499134, 0.0499125, 0.06822833
0.0, 0.99996948, 0.00628681
0.71818644, 0.29890233
-0.00712498, 0.05037535, 0.07198203
-0.0003357, 0.9967345, -0.08035523
0.68623513, 0.30830246
0.00500734, 0.05037535, 0.07192959
-0.0003357, 0.9967345, -0.08035523
0.71818644, 0.30830246
-0.00575714, 0.18306197, -0.02831419
-0.77571946, 0.00140385, -0.63103122
0.9655261, 0.6706371
-0.00575722, 0.1748025, -0.02833271
-0.77571946, 0.00140385, -0.63103122
0.9655261, 0.64930537
0.00497635, 0.00332312, 0.0647608
0.99996948, 0.0, -0.00430311
0.02710306, 0.35555589
0.00499134, 0.0499125, 0.06822833
0.99996948, 0.0, -0.00430311
0.14867271, 0.3741197
0.00500734, 0.05037535, 0.07192959
0.99996948, 0.0, -0.00430311
0.15207031, 0.36508054
-0.00575722, 0.1748025, -0.02833271
-0.63771474, 0.00170904, -0.77025664
0.90382761, 0.21641916
-0.00487906, 0.18306312, -0.02904118
-0.55916011, 0.00186163, -0.82903528
0.9015069, 0.19544005
-0.00487914, 0.17480366, -0.0290597
-0.5591296, 0.00186163, -0.8290658
0.9015069, 0.21663296
-0.00722436, 0.00682207, 0.04899438
-0.00112918, -0.96520889, -0.26145208
0.79754794, 0.41007423
-0.00717039, 0.00380058, 0.0614773
-0.00079348, -0.98202461, -0.18866542
0.79755586, 0.37776798
-0.00387602, 0.18306398, -0.02958291
-0.38666952, 0.00204474, -0.92217779
0.8988592, 0.1955989
-0.0038761, 0.17480449, -0.02960143
-0.386639, 0.00204474, -0.92220831
0.8988592, 0.21679193
-0.00716328, 0.0506236, 0.06312361
-0.99996948, 0.0, 0.00430311
0.47007331, 0.42250764
-0.00717039, 0.00380058, 0.0614773
-0.99996948, 0.0, 0.00430311
0.34899202, 0.4457894
-0.00278656, 0.18306451, -0.02991854
-0.19931638, 0.00219733, -0.97991884
0.89598626, 0.19569683
-0.00278664, 0.17480503, -0.02993706
-0.19931638, 0.00219733, -0.97991884
0.89598626, 0.21688974
0.00496905, 0.0506236, 0.06307117
0.00091556, 0.97708058, 0.21277505
0.71818644, 0.28546798
-0.00714098, 0.0499125, 0.06828077
0.0, 0.99996948, 0.00628681
0.68623513, 0.29890227
-0.00165256, 0.18306468, -0.03003518
-0.00430311, 0.00222785, -0.99996948
0.89299852, 0.19572985
-0.00165264, 0.17480521, -0.0300537
-0.00430311, 0.00222785, -0.99996948
0.89299852, 0.21692282
0.00496193, 0.00380058, 0.06142485
0.99996948, 0.0, -0.00430311
0.02633544, 0.36422688
0.00496905, 0.0506236, 0.06307117
0.99996948, 0.0, -0.00430311
0.14741673, 0.38750863
-0.00051768, 0.17480503, -0.02994687
0.19083224, 0.00219733, -0.98159736
0.89001083, 0.21688974
-0.00730643, 0.01252113, 0.03000959
-0.00167852, -0.91961426, -0.39274269
0.79754728, 0.45923239
0.00490797, 0.00682207, 0.04894193
-0.00112918, -0.96520889, -0.26145208
0.82949901, 0.41011041
-0.0005176, 0.18306451, -0.02992835
0.19083224, 0.00219733, -0.98159736
0.89001083, 0.19569683
0.00057463, 0.17480449, -0.02962067
0.37867367, 0.00204474, -0.92550433
0.88713789, 0.21679193
-0.00722804, 0.05512434, 0.04814189
-0.99996948, 0.0, 0.00430311
0.47267017, 0.38218623
-0.00722436, 0.00682207, 0.04899438
-0.99996948, 0.0, 0.00430311
0.34928703, 0.41261995
0.00057471, 0.18306398, -0.02960215
0.37867367, 0.00204474, -0.92550433
0.88713789, 0.19559896
0.00158232, 0.17480366, -0.02908763
0.55192727, 0.00186163, -0.83385724
0.88449019, 0.21663296
0.00490428, 0.05512434, 0.04808944
0.00137333, 0.94714195, 0.32074952
0.71818644, 0.2458365
-0.00716328, 0.0506236, 0.06312361
0.00091556, 0.97708058, 0.21277505
0.68623513, 0.28546798
0.0015824, 0.18306312, -0.02906911
0.5519883, 0.00186163, -0.83382672
0.88449019, 0.19544005
0.00246666, 0.1748025, -0.02836825
0.63103122, 0.00170904, -0.77571946
0.88216949, 0.21641916
0.00490797, 0.00682207, 0.04894193
0.99996948, 0.0, -0.00430311
0.02663043, 0.39739633
0.00490428, 0.05512434, 0.04808944
0.99996948, 0.0, -0.00430311
0.15001357, 0.4278301
0.00246674, 0.18306197, -0.02834974
0.77025664, 0.00140385, -0.63771474
0.96445352, 0.85383098
0.00319366, 0.1748011, -0.02749017
0.82903528, 0.00122074, -0.55916011
0.96213281, 0.87516121
0.00246666, 0.1748025, -0.02836825
0.77025664, 0.00140385, -0.63771474
0.96445352, 0.87516271
-0.00736042, 0.01960067, 0.01751865
-0.00183111, -0.90371412, -0.42808312
0.79758114, 0.4916504
0.00482589, 0.01252113, 0.02995714
-0.00167852, -0.91961426, -0.39274269
0.82949829, 0.45926857
0.00319374, 0.18306059, -0.02747165
0.8290658, 0.00122074, -0.55909908
0.96213281, 0.85382944
0.00373537, 0.1747995, -0.02648713
0.92217779, 0.00085452, -0.38670003
0.95948511, 0.87515952
-0.00727065, 0.05884853, 0.03828476
-0.99996948, 0.0, 0.00430311
0.4763357, 0.35521013
-0.00730643, 0.01252113, 0.03000959
-0.99996948, 0.0, 0.00430311
0.35256684, 0.36152726
0.00373545, 0.18305896, -0.02646861
0.92220831, 0.00085452, -0.38660848
0.95948511, 0.85382783
0.00407101, 0.17479776, -0.02539768
0.97991884, 0.00042726, -0.1993469
0.95661217, 0.87515771
0.00486167, 0.05884853, 0.03823232
0.00158696, 0.92822045, 0.37192908
0.71818644, 0.21957183
-0.00722804, 0.05512434, 0.04814189
0.00137333, 0.94714195, 0.32074952
0.68623513, 0.2458365
0.00407109, 0.18305723, -0.02537916
0.97991884, 0.00042726, -0.19928586
0.95661217, 0.85382599
0.00418765, 0.17479596, -0.02426368
0.99996948, 0.0, -0.00433363
0.95362443, 0.87515578
0.00482589, 0.01252113, 0.02995714
0.99996948, 0.0, -0.00430311
0.02991023, 0.44848901
0.00486167, 0.05884853, 0.03823232
0.99996948, 0.0, -0.00430311
0.15367909, 0.45480615
0.00418773, 0.18305543, -0.02424517
0.99996948, 0.0, -0.00427259
0.95362443, 0.85382406
0.00408081, 0.17479414, -0.02312872
0.98159736, -0.00042726, 0.19080172
0.95063674, 0.8751539
-0.00730896, 0.06260562, 0.02942317
-0.00369274, 0.51347393, -0.85808891
0.82949859, 0.19235915
0.00472335, 0.02394489, 0.00623681
-0.00369274, 0.51347393, -0.85808891
0.79754728, 0.29846871
-0.00740897, 0.02394489, 0.00628926
-0.00369274, 0.51347393, -0.85808891
0.82949859, 0.29846871
0.00408089, 0.18305363, -0.0231102
0.98159736, -0.00042726, 0.19086276
0.95063674, 0.85382213
0.00375461, 0.17479241, -0.02203641
0.92553484, -0.00085452, 0.37864316
0.9477638, 0.87515205
-0.00707069, 0.0478189, 0.08454014
0.00430311, -0.08102664, 0.99667346
0.02633544, 0.16569012
0.00504804, 0.0091666, 0.08134513
0.00430311, -0.08102664, 0.99667346
0.05828663, 0.26560777
0.00506163, 0.0478189, 0.0844877
0.00430311, -0.08102664, 0.99667346
0.05828661, 0.1656965
0.00375469, 0.1830519, -0.02201789
0.92550433, -0.00085452, 0.37870419
0.9477638, 0.85382028
0.00322158, 0.17479081, -0.02102872
0.83385724, -0.00122074, 0.55192727
0.9451161, 0.87515035
-0.00740897, 0.02394489, 0.00628926
-0.00155644, -0.9326151, -0.36078981
0.79759073, 0.52074894
0.0047719, 0.01960067, 0.01746621
-0.00183111, -0.90371412, -0.42808312
0.82953215, 0.49168652
0.00322166, 0.18305029, -0.0210102
0.83382672, -0.00122074, 0.5519883
0.9451161, 0.85381863
0.0025022, 0.17478941, -0.02014439
0.77571946, -0.00140385, 0.63103122
0.9427954, 0.87514886
-0.00730896, 0.06260562, 0.02942317
-0.99996948, 0.0, 0.00430311
0.48068014, 0.33071899
-0.00736042, 0.01960067, 0.01751865
-0.99996948, 0.0, 0.00430311
0.36326566, 0.32596087
0.00250228, 0.18304887, -0.02012587
0.63771474, -0.00170904, 0.77025664
0.96444523, 0.72234657
0.00162411, 0.17478825, -0.01941739
0.55916011, -0.00186163, 0.82903528
0.96211886, 0.74365962
0.0025022, 0.17478941, -0.02014439
0.63771474, -0.00170904, 0.77025664
0.96444523, 0.74367738
0.00482336, 0.06260562, 0.02937072
0.00167852, 0.92065185, 0.39033175
0.71818644, 0.19585824
-0.00727065, 0.05884853, 0.03828476
0.00158696, 0.92822045, 0.37192908
0.68623513, 0.21957183
0.00162419, 0.18304774, -0.01939887
0.5591296, -0.00186163, 0.8290658
0.96211892, 0.72232869
0.00062107, 0.1747874, -0.01887567
0.38666952, -0.00204474, 0.92220831
0.95946711, 0.74364641
-0.00387602, 0.18306398, -0.02958291
0.0, 0.99996948, 0.00158696
0.91083235, 0.49876988
-0.00700956, 0.18305896, -0.02642217
0.0, 0.99996948, 0.00158696
0.90181184, 0.49147016
-0.00382957, 0.18304686, -0.01883791
0.0, 0.99996948, 0.00155644
0.88279575, 0.5014658
0.0047719, 0.01960067, 0.01746621
0.99996948, 0.0, -0.00430311
0.04060908, 0.4840554
0.00482336, 0.06260562, 0.02937072
0.99996948, 0.0, -0.00430311
0.15802357, 0.47929728
0.00062115, 0.18304686, -0.01885715
0.386639, -0.00204474, 0.92220831
0.95946711, 0.72231555
-0.00046838, 0.17478687, -0.01854004
0.19931638, -0.00219733, 0.97991884
0.95659161, 0.74363825
-0.0004683, 0.18304634, -0.01852152
0.19931638, -0.00219733, 0.97991884
0.95659167, 0.72230738
-0.00278664, 0.17480503, -0.02993706
0.0, -0.99996948, -0.00158696
0.88769484, 0.29513204
0.00322158, 0.17479081, -0.02102872
0.0, -0.99996948, -0.00155644
0.91265118, 0.28205061
-0.00046838, 0.17478687, -0.01854004
0.0, -0.99996948, -0.00155644
0.90712583, 0.27191329
0.00499796, 0.00345378, 0.06976028
0.99996948, 0.0, -0.00430311
0.03042393, 0.34305656
0.00502006, 0.05048291, 0.07487255
0.99996948, 0.0, -0.00430311
0.15410379, 0.35774076
-0.00711226, 0.05048291, 0.07492499
0.00134281, 0.94912565, 0.31485945
0.68623513, 0.31584138
0.00502006, 0.05048291, 0.07487255
0.00134281, 0.94912565, 0.31485945
0.71818644, 0.31584138
-0.00713436, 0.00345378, 0.06981272
-0.99996948, 0.0, 0.00430311
0.35308054, 0.46695971
-0.00711226, 0.05048291, 0.07492499
-0.99996948, 0.0, 0.00430311
0.47676039, 0.45227557
-0.00713436, 0.00345378, 0.06981272
0.00045778, -0.99362165, 0.1126133
0.79757839, 0.356233
0.00499796, 0.00345378, 0.06976028
0.00045778, -0.99362165, 0.1126133
0.8295294, 0.35626918
0.00500821, 0.00393334, 0.07213047
0.00085452, -0.98013246, 0.19827875
0.82954174, 0.35015863
-0.00712411, 0.00393334, 0.07218292
0.00085452, -0.98013246, 0.19827875
0.79759073, 0.35012251
-0.00710533, 0.04919469, 0.0765273
-0.99996948, 0.0, 0.00430311
0.47441307, 0.45706058
-0.00712411, 0.00393334, 0.07218292
-0.99996948, 0.0, 0.00430311
0.35572609, 0.47264087
0.00502699, 0.04919469, 0.07647485
0.00036622, 0.99584949, 0.09088412
0.71818644, 0.32028025
-0.00710533, 0.04919469, 0.0765273
0.00036622, 0.99584949, 0.09088412
0.68623513, 0.32028025
0.00502699, 0.04919469, 0.07647485
0.99996948, 0.0, -0.00430311
0.15175651, 0.35295576
0.00500821, 0.00393334, 0.07213047
0.99996948, 0.0, -0.00430311
0.03306949, 0.3373754
0.00502201, 0.00896376, 0.07532307
0.99996948, 0.0, -0.00430311
0.04787884, 0.33229083
0.00504066, 0.05090189, 0.07963658
0.99996948, 0.0, -0.00430311
0.15802357, 0.34600252
-0.00709167, 0.05090189, 0.07968903
0.00015259, 0.99935913, 0.03549303
0.68623513, 0.32798451
0.00504066, 0.05090189, 0.07963658
0.00015259, 0.99935913, 0.03549303
0.71818644, 0.32798457
-0.00711031, 0.00896376, 0.07537551
-0.99996948, 0.0, 0.00430311
0.37053543, 0.47772545
-0.00709167, 0.05090189, 0.07968903
-0.99996948, 0.0, 0.00430311
0.48068014, 0.46401376
-0.00711031, 0.00896376, 0.07537551
0.0036317, -0.53584397, 0.84429455
0.05828663, 0.0826785
0.00500821, 0.00393334, 0.07213047
0.0036317, -0.53584397, 0.84429455
0.04494572, 0.11403632
0.00502201, 0.00896376, 0.07532307
0.0036317, -0.53584397, 0.84429455
0.05828662, 0.11401266
-0.00711031, 0.00896376, 0.07537551
0.00012207, -0.99942017, 0.03366192
0.36484632, 0.12058395
0.00504804, 0.0091666, 0.08134513
0.00012207, -0.99942017, 0.03366192
0.34899202, 0.08924735
-0.00708428, 0.0091666, 0.08139758
0.00012207, -0.99942017, 0.03366192
0.34899202, 0.12058139
-0.00707069, 0.0478189, 0.08454014
-0.99996948, 0.0, 0.00430311
0.47566962, 0.47802204
-0.00708428, 0.0091666, 0.08139758
-0.99996948, 0.0, 0.00430311
0.37465215, 0.49275476
-0.00707069, 0.0478189, 0.08454014
0.00228889, 0.84395885, 0.53633231
0.68623513, 0.34122086
0.00506163, 0.0478189, 0.0844877
0.00228889, 0.84395885, 0.53633231
0.71818644, 0.34122086
0.00506163, 0.0478189, 0.0844877
0.99996948, 0.0, -0.00430311
0.15301304, 0.33199424
0.00504804, 0.0091666, 0.08134513
0.99996948, 0.0, -0.00430311
0.05199556, 0.31726152
0.00453794, 0.02589703, -0.01178598
0.99996948, 0.0, -0.00430311
0.29632115, 0.92529608
0.00455816, 0.16482046, -0.00710849
0.99996948, 0.0, -0.00430311
0.28400266, 0.56650019
0.00455816, 0.02589703, -0.00710849
0.99996948, 0.0, -0.00430311
0.28400266, 0.92529608
0.00455816, 0.16482046, -0.00710849
0.00155644, 0.93069243, 0.36576435
0.81528854, 0.14070541
-0.00772739, 0.16482046, -0.01173296
0.0, 0.99996948, 0.0
0.82755005, 0.10902762
-0.00770717, 0.16482046, -0.00705546
0.00155644, 0.93069243, 0.36576435
0.8152886, 0.10902762
-0.00770717, 0.02589703, -0.00705546
-0.99996948, 0.0, 0.00430311
0.03865395, 0.92529609
-0.00772739, 0.00829223, -0.01173296
-0.99996948, 0.0, 0.00430311
0.02633544, 0.97076379
-0.00770335, 0.00697216, -0.00617271
-0.99996948, 0.0, 0.00430311
0.04097874, 0.97417312
-0.00770335, 0.00697216, -0.00617271
-0.00097659, -0.97293007, -0.23096408
0.54802394, 0.36645651
0.00453794, 0.00829223, -0.01178598
-0.00097659, -0.97293007, -0.23096408
0.53335106, 0.39814699
0.00456198, 0.00697216, -0.00622573
-0.00097659, -0.97293007, -0.23096408
0.54802394, 0.39813411
-0.00764367, 0.02589703, 0.00763259
0.05990783, -0.27439192, 0.95974606
0.23773429, 0.33075631
0.0046183, 0.0241672, 0.00680342
0.0674459, 0.0, 0.99771112
0.27003634, 0.33528221
0.0046183, 0.02589703, 0.00680342
0.06494339, -0.26984465, 0.96069217
0.27004167, 0.3308149
0.00453794, 0.02589703, -0.01178598
-0.00430311, 0.0, -0.99996948
0.71988779, 0.61780304
-0.00772739, 0.00829223, -0.01173296
-0.00430311, 0.0, -0.99996948
0.68758619, 0.57264274
-0.00772739, 0.02589703, -0.01173296
-0.00430311, 0.0, -0.99996948
0.68758619, 0.61780304
0.00453794, 0.16482046, -0.01178598
-0.00430311, 0.0, -0.99996948
0.71988779, 0.97417308
-0.00772739, 0.16482046, -0.01173296
-0.00430311, 0.0, -0.99996948
0.68758619, 0.97417312
0.0047163, 0.06258637, 0.02947264
0.009888, -0.00012207, 0.99993896
0.26998132, 0.23540962
-0.00772739, 0.16482046, -0.01173296
-0.99996948, 0.0, 0.00430311
0.02633549, 0.56650019
-0.00770717, 0.16482046, -0.00705546
-0.99996948, 0.0, 0.00430311
0.03865399, 0.56650019
0.00453794, 0.00829223, -0.01178598
0.99996948, 0.0, -0.00430311
0.29632115, 0.97076379
0.00456198, 0.00697216, -0.00622573
0.99996948, 0.0, -0.00430311
0.28167784, 0.97417312
0.00459182, 0.02084015, 0.00067747
0.99996948, 0.0, -0.00430311
0.2634978, 0.93835642
0.00457812, 0.02589703, -0.00249128
0.99996948, 0.0, -0.00430311
0.27184293, 0.92529608
0.00459182, 0.02589703, 0.00067747
0.99996948, 0.0, -0.00430311
0.2634978, 0.92529608
-0.0076701, 0.1166112, 0.00151975
-0.99996948, 0.0, 0.00430311
0.06123739, 0.6910097
-0.00768721, 0.02589703, -0.00243826
-0.99996948, 0.0, 0.00430311
0.05081367, 0.92529609
-0.00767351, 0.02589703, 0.00073049
-0.99996948, 0.0, 0.00430311
0.05915881, 0.92529609
-0.00768721, 0.01810124, -0.00243826
0.0028077, -0.75655383, 0.6538896
0.44261253, 0.09020549
0.00459182, 0.02084015, 0.00067747
0.0028077, -0.75655383, 0.6538896
0.45097259, 0.12189144
-0.00767351, 0.02084015, 0.00073049
0.0028077, -0.75655383, 0.6538896
0.4508948, 0.09021395
-0.00767351, 0.02084015, 0.00073049
-0.99996948, 0.0, 0.00430311
0.0591588, 0.93835642
0.00459523, 0.1166112, 0.00146673
0.00430311, 0.03994873, 0.99917603
0.60126036, 0.41126162
-0.00768032, 0.15904704, -0.00084498
0.00430311, 0.05563524, 0.99841303
0.63356429, 0.52077821
-0.0076701, 0.1166112, 0.00151975
0.00430311, 0.03994873, 0.99917603
0.63356179, 0.4112547
0.00459523, 0.1166112, 0.00146673
0.99996948, 0.0, -0.00430311
0.26141924, 0.69100967
0.00459484, 0.02589703, 0.00137664
0.99996948, 0.0, -0.00430311
0.26165649, 0.92529608
0.00460826, 0.07406926, 0.00447976
0.99996948, 0.0, -0.00430311
0.25348422, 0.80088224
0.00460826, 0.02589703, 0.00447976
0.99996948, 0.0, -0.00430311
0.25348422, 0.92529608
0.00459901, 0.08068945, 0.00234004
0.00424207, 0.16763817, 0.98580891
0.60124952, 0.31851786
-0.00765707, 0.07406926, 0.00453278
0.00408948, 0.30753502, 0.95150608
0.63356423, 0.30147588
0.00460826, 0.07406926, 0.00447976
0.00408948, 0.30753502, 0.95150608
0.60126281, 0.3014828
-0.00767049, 0.02589703, 0.00142966
-0.99996948, 0.0, 0.00430311
0.0610001, 0.92529609
-0.00765707, 0.02300137, 0.00453278
-0.99996948, 0.0, 0.00430311
0.06917239, 0.93277468
-0.00765707, 0.02589703, 0.00453278
-0.99996948, 0.0, 0.00430311
0.06917239, 0.92529609
-0.00767049, 0.02144447, 0.00142966
0.00238044, -0.83153784, 0.55540633
0.45272222, 0.0902158
0.00460826, 0.02300137, 0.00447976
0.00192267, -0.89379561, 0.44843897
0.46093646, 0.12189013
-0.00765707, 0.02300137, 0.00453278
0.00436415, -0.91546375, 0.40235603
0.46085864, 0.09021264
-0.00765707, 0.07406926, 0.00453278
-0.99996948, 0.0, 0.00430311
0.0691724, 0.80088224
0.00460826, 0.02300137, 0.00447976
0.99996948, 0.0, -0.00430311
0.25348422, 0.93277467
0.00457812, 0.01810124, -0.00249128
0.99996948, 0.0, -0.00430311
0.27184293, 0.94543017
-0.00768032, 0.15904704, -0.00084498
-0.99996948, 0.0, 0.00430311
0.05500973, 0.58141115
-0.00770335, 0.00697216, -0.00617271
0.00408948, -0.31812495, 0.94802696
0.90963787, 0.14067811
0.00457812, 0.01810124, -0.00249128
0.00408948, -0.31812495, 0.94802696
0.88022095, 0.10902774
-0.00768721, 0.01810124, -0.00243826
0.00408948, -0.31812495, 0.94802696
0.88022089, 0.14070541
-0.00768721, 0.01810124, -0.00243826
-0.99996948, 0.0, 0.00430311
0.05081367, 0.94543017
-0.00768032, 0.15904704, -0.00084498
0.00292978, 0.73238319, 0.68083745
0.79754728, 0.10902762
0.00458501, 0.15904704, -0.000898
0.00292978, 0.73238319, 0.68083745
0.79754728, 0.14070541
0.00458501, 0.15904704, -0.000898
0.99996948, 0.0, -0.00430311
0.26764691, 0.58141115
0.00461071, 0.02328664, 0.00504833
0.99996948, 0.0, -0.00430311
0.25198683, 0.9320379
0.00461071, 0.02589703, 0.00504833
0.99996948, 0.0, -0.00430311
0.25198683, 0.92529608
-0.00763565, 0.06921411, 0.00948818
-0.99996948, 0.0, 0.00430311
0.08222278, 0.81342159
-0.00765379, 0.02589703, 0.00529127
-0.99996948, 0.0, 0.00430311
0.07116992, 0.92529609
0.00461071, 0.02328664, 0.00504833
0.00546281, -0.89477217, 0.44642475
0.46242726, 0.12188953
-0.00765379, 0.02328664, 0.00529127
0.00918607, -0.93545336, 0.35328227
0.46284959, 0.09021091
-0.00765379, 0.02328664, 0.00529127
-0.99996948, 0.0, 0.00430311
0.07116992, 0.93203791
0.00460826, 0.07406926, 0.00447976
0.00302133, 0.71428573, 0.69981992
0.89119709, 0.62956342
-0.00763565, 0.06921411, 0.00948818
0.00238044, 0.83373517, 0.55211037
0.85889548, 0.64350769
0.00462968, 0.06921411, 0.00943516
0.00238044, 0.83373517, 0.55211037
0.89119709, 0.64350769
0.00462968, 0.06921411, 0.00943516
0.99996948, 0.0, -0.00430311
0.24043383, 0.81342161
0.00461643, 0.02589703, 0.0063705
0.99996948, 0.0, -0.00430311
0.24850482, 0.92529608
0.00467504, 0.068538, 0.01992835
0.99996948, 0.0, -0.00430311
0.2127993, 0.81516775
0.00468389, 0.07100105, 0.02197537
0.99996948, 0.0, -0.00430311
0.20740832, 0.80880648
0.00467504, 0.068538, 0.01992835
-0.003296, 0.63914913, -0.76903594
0.97229856, 0.52256849
-0.00758144, 0.07100105, 0.02202839
-0.003296, 0.63914913, -0.76903594
0.96523005, 0.49089068
0.00468389, 0.07100105, 0.02197537
-0.003296, 0.63914913, -0.76903594
0.96523005, 0.52256849
-0.00764685, 0.02589703, 0.00689739
-0.99996948, 0.0, 0.00430311
0.07539975, 0.92529609
-0.00764617, 0.02394999, 0.00705507
-0.99996948, 0.0, 0.00430311
0.07581501, 0.93032467
-0.00764617, 0.02589703, 0.00705507
-0.99996948, 0.0, 0.00430311
0.07581501, 0.92529609
-0.00764685, 0.02389069, 0.00689739
0.01910459, -0.9356975, 0.35221413
0.46706545, 0.09020722
0.00461643, 0.02394999, 0.0063705
0.02426222, -0.89379561, 0.4477981
0.46589398, 0.12188816
-0.00764617, 0.02394999, 0.00705507
0.02066103, -0.93557543, 0.35245827
0.46747935, 0.0902068
-0.00759029, 0.068538, 0.01998137
-0.99996948, 0.0, 0.00430311
0.10985731, 0.81516775
-0.00758144, 0.07100105, 0.02202839
-0.99996948, 0.0, 0.00430311
0.11524829, 0.80880648
0.00461643, 0.02394999, 0.0063705
0.99996948, 0.0, -0.00430311
0.2485048, 0.93032467
0.00461592, 0.02589703, 0.0062523
0.99996948, 0.0, -0.00430311
0.2488161, 0.92529608
0.0046472, 0.06752577, 0.01348825
0.99996948, 0.0, -0.00430311
0.22975972, 0.81778203
0.0046472, 0.06752577, 0.01348825
0.0004883, 0.99285865, 0.11908323
0.89119709, 0.65434626
-0.00759029, 0.068538, 0.01998137
-0.00064089, 0.98785365, -0.15524766
0.85889548, 0.67065093
0.00467504, 0.068538, 0.01992835
-0.00064089, 0.98785365, -0.15524766
0.89119709, 0.67065093
-0.00765111, 0.02589703, 0.00591165
-0.99996948, 0.0, 0.00430311
0.07280374, 0.92529609
-0.00764685, 0.02389069, 0.00689739
-0.99996948, 0.0, 0.00430311
0.07539975, 0.93047783
-0.00765111, 0.02351996, 0.00591165
0.01492355, -0.93508714, 0.35401469
0.46447802, 0.09020948
0.00461592, 0.02389069, 0.0062523
0.01904355, -0.89495528, 0.4456923
0.46558407, 0.12188828
-0.00761813, 0.06752577, 0.01354127
-0.99996948, 0.0, 0.00430311
0.09289689, 0.81778203
0.00461592, 0.02389069, 0.0062523
0.99996948, 0.0, -0.00430311
0.2488161, 0.93047782
0.00461273, 0.02589703, 0.00551338
0.99996948, 0.0, -0.00430311
0.2507621, 0.92529608
-0.00761813, 0.06752577, 0.01354127
0.0004883, 0.99285865, 0.11908323
0.85889548, 0.65434626
-0.00765111, 0.02351996, 0.00591165
-0.99996948, 0.0, 0.00430311
0.07280373, 0.93143532
0.00461273, 0.02351996, 0.00551338
0.01171911, -0.89455855, 0.44672993
0.46364662, 0.12188905
0.00461273, 0.02351996, 0.00551338
0.99996948, 0.0, -0.00433363
0.2507621, 0.93143532
0.00459901, 0.08068945, 0.00234004
0.99996948, 0.0, -0.00430311
0.2591193, 0.78378434
-0.00766632, 0.08068945, 0.00239306
0.00424207, 0.16763817, 0.98580891
0.633551, 0.31851095
-0.00767049, 0.02144447, 0.00142966
-0.99996948, 0.0, 0.00430311
0.0610001, 0.93679565
0.00459484, 0.02144447, 0.00137664
0.00238044, -0.83153784, 0.55540633
0.45280004, 0.12189329
-0.00766632, 0.08068945, 0.00239306
-0.99996948, 0.0, 0.00430311
0.06353731, 0.78378436
0.00459484, 0.02144447, 0.00137664
0.99996948, 0.0, -0.00430311
0.26165649, 0.93679565
0.0046183, 0.0241672, 0.00680342
0.99996948, 0.0, -0.00430311
0.2473647, 0.9297637
0.00461764, 0.02589703, 0.00665064
0.99996948, 0.0, -0.00427259
0.24776706, 0.92529608
0.0046183, 0.02589703, 0.00680342
0.99996948, 0.0, -0.00430311
0.2473647, 0.92529608
-0.00754903, 0.06258637, 0.02952566
-0.99996948, 0.0, 0.00430311
0.13499287, 0.83053897
-0.00764455, 0.02589703, 0.00742878
-0.99996948, 0.0, 0.00433363
0.0767992, 0.92529609
-0.00764367, 0.02589703, 0.00763259
-0.99996948, 0.0, 0.00430311
0.07733595, 0.92529609
-0.00764455, 0.02409055, 0.00742878
0.02310251, -0.93557543, 0.35227516
0.46846029, 0.09020597
0.0046183, 0.0241672, 0.00680342
0.02838221, -0.89400923, 0.44712669
0.46702909, 0.12188774
-0.00764367, 0.0241672, 0.00763259
0.02377392, -0.93575853, 0.35181737
0.46899527, 0.09020549
-0.00764367, 0.0241672, 0.00763259
-0.99996948, 0.0, 0.00430311
0.07733594, 0.9297637
0.00470211, 0.06805728, 0.02618951
0.00387585, 0.43208104, 0.90179145
0.27002344, 0.22137564
-0.00754903, 0.06258637, 0.02952566
0.00430311, 0.00122074, 0.99996948
0.2376799, 0.2353735
0.0047163, 0.06258637, 0.02947264
0.99996948, 0.0, -0.00430311
0.18766375, 0.83053894
0.00461732, 0.02405269, 0.00657518
0.99996948, 0.0, -0.00430311
0.24796578, 0.93005945
0.00461732, 0.02589703, 0.00657518
0.99996948, 0.0, -0.00427259
0.24796578, 0.92529608
-0.00764499, 0.02589703, 0.00732811
-0.99996948, 0.0, 0.00433363
0.07653408, 0.92529609
-0.00756813, 0.07113683, 0.02510737
-0.99996948, 0.0, 0.00430311
0.12335701, 0.80845581
0.00461732, 0.02405269, 0.00657518
0.02618488, -0.89388716, 0.4474929
0.46643066, 0.12188798
-0.00764499, 0.02405269, 0.00732811
0.02197333, -0.9356975, 0.35209206
0.46819606, 0.09020621
-0.00764499, 0.02405269, 0.00732811
-0.99996948, 0.0, 0.00433363
0.07653408, 0.93005946
0.00468389, 0.07100105, 0.02197537
-0.00018311, 0.99902338, -0.04403821
0.9684211, 0.43923694
-0.00756813, 0.07113683, 0.02510737
-0.00018311, 0.99902338, -0.04403821
0.96038425, 0.4075591
0.0046972, 0.07113683, 0.02505435
-0.00018311, 0.99902338, -0.04403821
0.96038431, 0.43923694
0.0046972, 0.07113683, 0.02505435
0.99996948, 0.0, -0.00430311
0.1992996, 0.80845578
0.00470211, 0.06805728, 0.02618951
0.99996948, 0.0, -0.00430311
0.19631009, 0.81640929
0.0046972, 0.07113683, 0.02505435
0.00402844, 0.34586626, 0.93826103
0.27004167, 0.21345532
-0.00756322, 0.06805728, 0.02624253
0.00387585, 0.43208104, 0.90179145
0.23772201, 0.2213394
-0.00764455, 0.02409055, 0.00742878
-0.99996948, 0.0, 0.00433363
0.07679919, 0.92996166
0.00461764, 0.02409055, 0.00665064
0.02792444, -0.89364302, 0.44788966
0.46662852, 0.12188792
-0.00756322, 0.06805728, 0.02624253
-0.99996948, 0.0, 0.00430311
0.12634651, 0.81640929
0.00461764, 0.02409055, 0.00665064
0.99996948, 0.0, -0.00424207
0.24776705, 0.92996166
-0.00737049, 0.07089022, 0.02514615
0.99996948, 0.0, -0.00430311
0.7378577, 0.52078509
-0.00737307, 0.07715732, 0.02454883
0.99996948, 0.0, -0.00430311
0.73009735, 0.50641686
-0.00735823, 0.07769013, 0.02798055
0.99996948, 0.0, -0.00430311
0.72177672, 0.51014039
-0.00738404, 0.07080447, 0.022012
0.00399792, -0.37083042, 0.92867821
0.60127264, 0.24982136
0.00448188, 0.07715732, 0.02449758
0.00418104, -0.24552141, 0.9693594
0.63247472, 0.23334253
-0.00737307, 0.07715732, 0.02454883
0.00418104, -0.24552141, 0.9693594
0.60125405, 0.23334181
0.00448188, 0.07715732, 0.02449758
-0.99996948, 0.0, 0.00430311
0.28154215, 0.40130424
0.00448446, 0.07089022, 0.0250949
-0.99996948, 0.0, 0.00430311
0.28930247, 0.38693601
0.00449671, 0.07769013, 0.02792931
-0.99996948, 0.0, 0.00430311
0.27322155, 0.39758068
0.00448446, 0.07089022, 0.0250949
-0.00396741, 0.38471633, -0.92300183
0.14217833, 0.1732136
-0.00735823, 0.07769013, 0.02798055
-0.00415052, 0.26990569, -0.96285897
0.11095751, 0.19150674
0.00449671, 0.07769013, 0.02792931
-0.00415052, 0.26990569, -0.96285897
0.14217833, 0.19150674
0.00438342, 0.10155213, 0.00172251
0.00430311, 0.02224799, 0.99972534
0.71818644, 0.14420146
-0.00747278, 0.11460657, 0.00148324
0.00430311, 0.02224799, 0.99972534
0.68696576, 0.11049938
-0.00747153, 0.10155213, 0.00177376
0.00430311, 0.02224799, 0.99972534
0.68696576, 0.1442045
-0.00738404, 0.07080447, 0.022012
-9.156e-05, 0.99960327, -0.02734458
0.97050285, 0.11008751
0.00448446, 0.07089022, 0.0250949
-9.156e-05, 0.99960327, -0.02734458
0.96230876, 0.14070541
0.00447091, 0.07080447, 0.02196075
-9.156e-05, 0.99960327, -0.02734458
0.97050285, 0.14070541
0.00439234, 0.1144903, 0.00378515
-0.00070193, -0.98593098, -0.16708884
0.89012349, 0.86908282
-0.00747278, 0.11460657, 0.00148324
-0.00018311, -0.99877924, -0.04934843
0.85889608, 0.87512385
0.00438217, 0.11460657, 0.00143199
-0.00018311, -0.99877924, -0.04934843
0.89011663, 0.87516271
0.00439319, 0.10462055, 0.00398208
-0.99996948, 0.0, 0.00430311
0.28690773, 0.48968244
0.00438217, 0.11460657, 0.00143199
-0.99996948, 0.0, 0.00430311
0.27805844, 0.51484644
0.00438342, 0.10155213, 0.00172251
-0.99996948, 0.0, 0.00430311
0.29632115, 0.48627144
-0.00746176, 0.10462055, 0.00403332
-0.00335704, 0.62248605, -0.78258616
0.11967447, 0.12155986
0.00438342, 0.10155213, 0.00172251
-0.00347911, 0.59294415, -0.80520034
0.11095753, 0.09094197
-0.00747153, 0.10155213, 0.00177376
-0.00347911, 0.59294415, -0.80520034
0.1109575, 0.12155986
-0.00747278, 0.11460657, 0.00148324
0.99996948, 0.0, -0.00430311
0.72661364, 0.39287466
-0.00746176, 0.10462055, 0.00403332
0.99996948, 0.0, -0.00430311
0.7354629, 0.41803867
-0.00747153, 0.10155213, 0.00177376
0.99996948, 0.0, -0.00430311
0.74487638, 0.4214496
0.004403, 0.11376411, 0.00625087
-0.00134281, -0.94970548, -0.31311992
0.8901245, 0.86269857
-0.00746261, 0.1144903, 0.0038364
-0.00070193, -0.98593098, -0.16708884
0.85890293, 0.86904393
0.00440343, 0.10738005, 0.00634971
-0.99996948, 0.0, 0.00430311
0.27770382, 0.49227357
0.00439234, 0.1144903, 0.00378515
-0.99996948, 0.0, 0.00430311
0.27305028, 0.51125419
-0.00745152, 0.10738005, 0.00640096
-0.00326548, 0.6511429, -0.7589038
0.12761645, 0.12155986
0.00439319, 0.10462055, 0.00398208
-0.00335704, 0.62248605, -0.78258616
0.1196745, 0.09094197
-0.00746261, 0.1144903, 0.0038364
0.99996948, 0.0, -0.00430311
0.72160548, 0.39646691
-0.00745152, 0.10738005, 0.00640096
0.99996948, 0.0, -0.00430311
0.72625905, 0.41544753
0.00443697, 0.11089066, 0.01410855
-0.00134281, -0.94909513, -0.31492049
0.89012188, 0.84234075
-0.00743497, 0.11232737, 0.01023096
-0.00146489, -0.9391461, -0.3434248
0.85890263, 0.85248078
0.00441998, 0.11232737, 0.01017971
-0.00146489, -0.9391461, -0.3434248
0.89012319, 0.85251965
0.00442031, 0.10804392, 0.01025456
-0.99996948, 0.0, 0.00430311
0.26815265, 0.48816097
0.00443697, 0.11089066, 0.01410855
-0.99996948, 0.0, 0.00430311
0.25555277, 0.48882961
0.00441998, 0.11232737, 0.01017971
-0.99996948, 0.0, 0.00430311
0.26211524, 0.49750793
-0.00743464, 0.10804392, 0.01030581
0.00021363, 0.99865717, 0.05169836
0.85889548, 0.73217833
0.00443719, 0.10695522, 0.01415941
0.00122074, 0.95913571, 0.28290659
0.89011627, 0.74248695
0.00442031, 0.10804392, 0.01025456
0.00021363, 0.99865717, 0.05169836
0.89011627, 0.7321783
-0.00741798, 0.11089066, 0.0141598
0.99996948, 0.0, -0.00430311
0.70410794, 0.41889143
-0.00743464, 0.10804392, 0.01030581
0.99996948, 0.0, -0.00430311
0.71670789, 0.41956013
-0.00743497, 0.11232737, 0.01023096
0.99996948, 0.0, -0.00430311
0.71067041, 0.41021311
-0.00745195, 0.11376411, 0.00630212
0.99996948, 0.0, -0.00430311
0.71723288, 0.40153486
0.00440343, 0.10738005, 0.00634971
-0.00070193, 0.98583943, -0.16760765
0.89011627, 0.72230467
-0.00745152, 0.10738005, 0.00640096
-0.00070193, 0.98583943, -0.16757713
0.85889548, 0.72230467
0.004403, 0.11376411, 0.00625087
-0.99996948, 0.0, 0.00430311
0.26867765, 0.50618628
-0.00745195, 0.11376411, 0.00630212
-0.00134281, -0.94970548, -0.31311992
0.85890394, 0.86265966
0.00446848, 0.10871366, 0.02139867
-0.00180059, -0.90685749, -0.42139959
0.8901245, 0.82346441
-0.00740255, 0.1098249, 0.01772867
-0.00122074, -0.95815915, -0.28611103
0.85890257, 0.83306096
0.00445239, 0.1098249, 0.01767742
-0.00122074, -0.95815915, -0.28611103
0.89012313, 0.83309987
0.00445036, 0.1060065, 0.017207
-0.99996948, 0.0, 0.00430311
0.25580865, 0.47389328
0.00446848, 0.10871366, 0.02139867
-0.99996948, 0.0, 0.00430311
0.24266802, 0.47378141
0.00445239, 0.1098249, 0.01767742
-0.99996948, 0.0, 0.00430311
0.24924508, 0.48146278
-0.00739085, 0.10440624, 0.02043596
0.00228889, 0.84740746, 0.5309
0.85889548, 0.75912341
0.00445036, 0.1060065, 0.017207
0.00161748, 0.9270913, 0.37473679
0.89011627, 0.75055708
-0.00740459, 0.1060065, 0.01725825
0.00161748, 0.9270913, 0.3747673
0.85889548, 0.75055708
-0.00738647, 0.10871366, 0.02144992
0.99996948, 0.0, -0.00430311
0.6912232, 0.4339397
-0.00740459, 0.1060065, 0.01725825
0.99996948, 0.0, -0.00430311
0.70436382, 0.43382782
-0.00740255, 0.1098249, 0.01772867
0.99996948, 0.0, -0.00430311
0.69780022, 0.42625827
-0.00741776, 0.10695522, 0.01421066
0.99996948, 0.0, -0.00430311
0.70969433, 0.42745358
-0.00741776, 0.10695522, 0.01421066
0.00122074, 0.95913571, 0.28290659
0.85889548, 0.74248698
0.00443719, 0.10695522, 0.01415941
-0.99996948, 0.0, 0.00430311
0.26113912, 0.48026747
-0.00741798, 0.11089066, 0.0141598
-0.00134281, -0.94909513, -0.31492049
0.85890132, 0.84230188
-0.00737543, 0.10704181, 0.02400274
-0.00234993, -0.83654284, -0.54783773
0.85889548, 0.8167951
-0.00738647, 0.10871366, 0.02144992
-0.00180059, -0.90685749, -0.42139959
0.85890394, 0.82342553
0.0044641, 0.10440624, 0.02038471
-0.99996948, 0.0, 0.00430311
0.25113538, 0.46592873
0.00447952, 0.10704181, 0.02395149
-0.99996948, 0.0, 0.00430311
0.23947303, 0.46654975
-0.00738143, 0.10273914, 0.02261592
0.00262459, 0.79433578, 0.60744041
0.85889548, 0.76514132
0.0044641, 0.10440624, 0.02038471
0.00228889, 0.84740746, 0.5309
0.89011627, 0.75912341
-0.00737543, 0.10704181, 0.02400274
0.99996948, 0.0, -0.00430311
0.68802822, 0.44117129
-0.00739085, 0.10440624, 0.02043596
0.99996948, 0.0, -0.00430311
0.69969058, 0.44179237
0.00447952, 0.10704181, 0.02395149
-0.00332652, -0.63756216, -0.77034819
0.14217833, 0.26560777
-0.00736803, 0.10497291, 0.025715
-0.00332652, -0.63093966, -0.7757805
0.11095752, 0.26081401
-0.00737543, 0.10704181, 0.02400274
-0.00332652, -0.63756216, -0.77034819
0.11095752, 0.26560777
0.00447352, 0.10273914, 0.02256467
-0.99996948, 0.0, 0.00430311
0.2487537, 0.45923686
0.00448692, 0.10497291, 0.02566375
-0.99996948, 0.0, 0.00430311
0.23870194, 0.45965517
-0.00738143, 0.10273914, 0.02261592
0.00384533, 0.45567188, 0.89013338
0.60127264, 0.16733181
0.00447741, 0.10098173, 0.02346432
0.00402844, 0.35941648, 0.93316448
0.63248616, 0.17184514
0.00447352, 0.10273914, 0.02256467
0.00384533, 0.45567188, 0.89013338
0.63249332, 0.16733253
-0.00736803, 0.10497291, 0.025715
0.99996948, 0.0, -0.00430311
0.68725711, 0.44806594
-0.00738143, 0.10273914, 0.02261592
0.99996948, 0.0, -0.00430311
0.6973089, 0.44848424
0.00449993, 0.09725396, 0.02867362
-0.00430311, -0.07663198, -0.99703968
0.14217833, 0.24191558
-0.00735664, 0.10167655, 0.02834929
-0.00399792, -0.37040314, -0.92883086
0.11095752, 0.2531479
0.00449831, 0.10167655, 0.02829804
-0.00399792, -0.37040314, -0.92883086
0.14217833, 0.2531479
0.00448062, 0.09821942, 0.02420556
-0.99996948, 0.0, 0.00430311
0.25168824, 0.44715637
0.00449993, 0.09725396, 0.02867362
-0.99996948, 0.0, 0.00430311
0.2432573, 0.43872905
0.00449831, 0.10167655, 0.02829804
-0.99996948, 0.0, 0.00430311
0.2376799, 0.44880325
-0.00737355, 0.0954349, 0.02443697
0.00430311, 0.09213538, 0.99572742
0.60125756, 0.18614262
0.00448062, 0.09821942, 0.02420556
0.00424207, 0.16266365, 0.9866634
0.63248003, 0.17895746
-0.00737433, 0.09821942, 0.02425681
0.00424207, 0.16266365, 0.9866634
0.60125935, 0.17895675
-0.00735502, 0.09725396, 0.02872486
0.99996948, 0.0, -0.00430311
0.69181246, 0.46899205
-0.00737433, 0.09821942, 0.02425681
0.99996948, 0.0, -0.00430311
0.70024347, 0.46056473
-0.00735664, 0.10167655, 0.02834929
0.99996948, 0.0, -0.00430311
0.68623513, 0.45891786
-0.00737754, 0.10098173, 0.02351557
0.99996948, 0.0, -0.00430311
0.69787443, 0.45355302
-0.00737754, 0.10098173, 0.02351557
0.00402844, 0.35941648, 0.93316448
0.60126543, 0.17184448
0.00447741, 0.10098173, 0.02346432
-0.99996948, 0.0, 0.00430311
0.24931924, 0.45416808
0.00448692, 0.10497291, 0.02566375
-0.00332652, -0.63093966, -0.7757805
0.14217833, 0.26081401
0.00450093, 0.08406647, 0.02890388
-0.00430311, 0.0926542, -0.99566638
0.14217833, 0.20815563
-0.00735305, 0.09065852, 0.02917902
-0.00430311, -0.01739555, -0.99981689
0.11095751, 0.22513294
0.00450189, 0.09065852, 0.02912777
-0.00430311, -0.01739555, -0.99981689
0.14217833, 0.22513294
0.00448461, 0.0892731, 0.02512852
-0.99996948, 0.0, 0.00430311
0.26261154, 0.4265458
0.00450093, 0.08406647, 0.02890388
-0.99996948, 0.0, 0.00430311
0.26184523, 0.40995258
0.00450189, 0.09065852, 0.02912777
-0.99996948, 0.0, 0.00430311
0.25180793, 0.42385572
-0.00737006, 0.08311445, 0.02524436
0.00430311, -0.05282754, 0.99856561
0.60124952, 0.21793729
0.00448461, 0.0892731, 0.02512852
0.00430311, 0.06515702, 0.99786371
0.63247162, 0.20203495
-0.00737034, 0.0892731, 0.02517977
0.00430311, 0.06515702, 0.99786371
0.60125095, 0.20203429
-0.00735402, 0.08406647, 0.02895513
0.99996948, 0.0, -0.00430311
0.71040046, 0.49776852
-0.00737034, 0.0892731, 0.02517977
0.99996948, 0.0, -0.00430311
0.71116674, 0.4811753
-0.00735305, 0.09065852, 0.02917902
0.99996948, 0.0, -0.00430311
0.7003631, 0.48386532
-0.00735402, 0.08406647, 0.02895513
-0.00430311, 0.0926542, -0.99566638
0.11095751, 0.20815569
0.00448488, 0.08311445, 0.02519311
-0.99996948, 0.0, 0.00430311
0.27138668, 0.41316795
0.00448488, 0.08311445, 0.02519311
0.00430311, -0.05282754, 0.99856561
0.63247019, 0.21793801
-0.00737006, 0.08311445, 0.02524436
0.99996948, 0.0, -0.00430311
0.71994191, 0.49455315
-0.00737355, 0.0954349, 0.02443697
0.99996948, 0.0, -0.00430311
0.70387888, 0.46682757
0.00448139, 0.0954349, 0.02438573
0.00430311, 0.09213538, 0.99572742
0.63247824, 0.18614334
0.00448139, 0.0954349, 0.02438573
-0.99996948, 0.0, 0.00430311
0.25532368, 0.44089347
-0.00735502, 0.09725396, 0.02872486
-0.00430311, -0.07663198, -0.99703968
0.11095752, 0.24191552
0.00122387, 0.07738941, 0.00160291
0.99996948, 0.0, -0.00430311
0.87058252, 0.97417312
0.00124172, 0.08198236, 0.00573195
0.99996948, 0.0, -0.00430311
0.88258725, 0.96341055
0.0012405, 0.07298354, 0.00544925
0.99996948, 0.0, -0.00430311
0.85889548, 0.96433427
0.00122652, 0.0901062, 0.0022156
0.00393689, 0.39722893, 0.91769159
0.97366452, 0.19235921
-0.00307023, 0.08198236, 0.00575059
0.00393689, 0.39722893, 0.91769159
0.96230876, 0.21325243
0.00124172, 0.08198236, 0.00573195
0.00393689, 0.39722893, 0.91769159
0.97366452, 0.21323788
-0.00307023, 0.08198236, 0.00575059
-0.99996948, 0.0, 0.00430311
0.26137164, 0.1251713
-0.00308808, 0.07738941, 0.00162155
-0.99996948, 0.0, 0.00430311
0.24936695, 0.11440873
-0.00307146, 0.07298354, 0.00546789
-0.99996948, 0.0, 0.00430311
0.2376799, 0.12424755
-0.00307146, 0.07298354, 0.00546789
-0.00323496, -0.65764338, -0.75328839
0.53335106, 0.44980073
0.00122387, 0.07738941, 0.00160291
-0.00405896, -0.32853174, -0.94445634
0.54470688, 0.45994955
0.0012405, 0.07298354, 0.00544925
-0.00323496, -0.65764338, -0.75328839
0.54470688, 0.44980073
-0.00300928, 0.09025297, 0.01985104
0.00427259, -0.10608234, 0.99432355
0.52168256, 0.04916793
0.00130107, 0.08677135, 0.0194609
0.00421155, -0.21588793, 0.97637868
0.53303438, 0.05817795
0.00130268, 0.09025297, 0.0198324
0.00427259, -0.10608234, 0.99432355
0.53303838, 0.04917586
-0.00308544, 0.0901062, 0.00223424
-0.00430311, 0.04809717, -0.99880975
0.53335106, 0.4927547
-0.00308808, 0.07738941, 0.00162155
-0.00405896, -0.32853174, -0.94445634
0.53335106, 0.45994961
-0.00301999, 0.08059995, 0.01737321
0.00408948, -0.32300791, 0.94637901
0.52168256, 0.07416856
-0.00301089, 0.08677135, 0.01947954
0.00421155, -0.21588793, 0.97637868
0.52167857, 0.05816996
-0.00303286, 0.07843408, 0.01439688
0.00201422, -0.88357186, 0.46824548
0.94386798, 0.58232743
0.00129197, 0.08059995, 0.01735457
0.00253304, -0.80855739, 0.58836633
0.95523107, 0.57466736
-0.00301999, 0.08059995, 0.01737321
0.00253304, -0.80855739, 0.58836633
0.94387537, 0.57468918
0.00126623, 0.07736258, 0.01140191
0.00149541, -0.93807793, 0.34638509
0.95522767, 0.58996832
0.0012791, 0.07843408, 0.01437824
0.00201422, -0.88357186, 0.46824548
0.95522368, 0.58230561
-0.00305859, 0.07623569, 0.00844422
0.00152593, -0.93520921, 0.35407576
0.94387537, 0.5976516
-0.00304572, 0.07736258, 0.01142055
0.00149541, -0.93807793, 0.34638509
0.94387197, 0.58999014
-0.00305859, 0.07623569, 0.00844422
0.00317392, -0.67513049, 0.73766291
0.96230876, 0.05843377
0.0012405, 0.07298354, 0.00544925
0.00317392, -0.67513049, 0.73766291
0.97096044, 0.04727507
0.00125337, 0.07623569, 0.00842557
0.00317392, -0.67513049, 0.73766291
0.96230876, 0.04729724
-0.00301857, 0.08936408, 0.01770089
-0.99996948, 0.0, 0.00430311
0.2805489, 0.1561932
-0.00301089, 0.08677135, 0.01947954
-0.99996948, 0.0, 0.00430311
0.27368206, 0.16073102
-0.00300928, 0.09025297, 0.01985104
-0.99996948, 0.0, 0.00430311
0.28284261, 0.16176534
-0.00303171, 0.08415645, 0.01466264
-0.99996948, 0.0, 0.00430311
0.26690149, 0.14823455
-0.00301999, 0.08059995, 0.01737321
-0.99996948, 0.0, 0.00430311
0.25747615, 0.1551584
-0.00304484, 0.08273514, 0.0116244
-0.99996948, 0.0, 0.00430311
0.26322523, 0.14035732
-0.00303286, 0.07843408, 0.01439688
-0.99996948, 0.0, 0.00430311
0.25183776, 0.14742506
-0.00305798, 0.08132509, 0.00858615
-0.99996948, 0.0, 0.00430311
0.25957859, 0.13248032
-0.00304572, 0.07736258, 0.01142055
-0.99996948, 0.0, 0.00430311
0.2490813, 0.13971525
-0.00305859, 0.07623569, 0.00844422
-0.99996948, 0.0, 0.00430311
0.246179, 0.13200426
0.00129338, 0.08936408, 0.01768225
-0.001648, 0.92413098, -0.3820307
0.80295861, 0.05737382
-0.00300928, 0.09025297, 0.01985104
-0.001648, 0.92413098, -0.3820307
0.79754728, 0.04623723
0.00130268, 0.09025297, 0.0198324
-0.001648, 0.92413098, -0.3820307
0.79754728, 0.05737382
0.00129338, 0.08936408, 0.01768225
-0.00372326, 0.50392163, -0.86373484
0.54802394, 0.31480277
-0.00303171, 0.08415645, 0.01466264
-0.00372326, 0.50392163, -0.86373484
0.53666812, 0.30053306
-0.00301857, 0.08936408, 0.01770089
-0.00372326, 0.50392163, -0.86373484
0.53666812, 0.31480277
0.00128025, 0.08415645, 0.014644
-0.00183111, 0.90575886, -0.42371899
0.21387666, 0.04038388
-0.00304484, 0.08273514, 0.0116244
-0.00180059, 0.90643024, -0.42234564
0.2252325, 0.04784167
-0.00303171, 0.08415645, 0.01466264
-0.00183111, 0.90575886, -0.42371899
0.2252325, 0.04038388
0.00126712, 0.08273514, 0.01160576
-0.00180059, 0.90643024, -0.42231512
0.21387665, 0.04784167
-0.00305798, 0.08132509, 0.00858615
-0.00042726, 0.99465925, -0.10318308
0.2252325, 0.05530226
0.00124172, 0.08198236, 0.00573195
0.00094607, 0.97415084, 0.22577593
0.21387665, 0.06275493
0.00125398, 0.08132509, 0.00856751
-0.00042726, 0.99465925, -0.10318308
0.21387665, 0.05530226
0.00130107, 0.08677135, 0.0194609
0.99996948, 0.0, -0.00430311
0.89489764, 0.92785082
0.00129338, 0.08936408, 0.01768225
0.99996948, 0.0, -0.00430311
0.90176445, 0.93238861
0.00130268, 0.09025297, 0.0198324
0.99996948, 0.0, -0.00430311
0.90405816, 0.92681647
0.00129197, 0.08059995, 0.01735457
0.99996948, 0.0, -0.00430311
0.87869173, 0.93342344
0.00128025, 0.08415645, 0.014644
0.99996948, 0.0, -0.00430311
0.88811707, 0.94034731
0.0012791, 0.07843408, 0.01437824
0.99996948, 0.0, -0.00430311
0.87305337, 0.94115679
0.00126712, 0.08273514, 0.01160576
0.99996948, 0.0, -0.00430311
0.88444078, 0.94822453
0.00126623, 0.07736258, 0.01140191
0.99996948, 0.0, -0.00430311
0.8702969, 0.94886658
0.00125398, 0.08132509, 0.00856751
0.99996948, 0.0, -0.00430311
0.88079417, 0.95610151
0.00125337, 0.07623569, 0.00842557
0.99996948, 0.0, -0.00430311
0.86739457, 0.95657757
0.0046601, 0.17463438, -0.03543233
0.99996948, 0.0, -0.00430311
0.42244986, 0.54593393
-0.00812329, 0.17463438, -0.03537707
0.0, 1.0, 0.0
0.34899202, 0.17223769
-0.00802126, 0.00828247, -0.01177622
0.00430311, -0.00399792, 0.99996948
0.60124952, 0.97417312
0.00464522, 0.01313853, -0.03887326
-0.00073244, -0.98471022, -0.17413862
0.46899524, 0.24351609
0.00464522, 0.01313853, -0.03887326
-0.00424207, 0.17154454, -0.98513746
0.52166611, 0.21050024
-0.00813074, 0.02299825, -0.037101
-0.99996948, 0.0, 0.00430311
0.54461098, 0.58101287
0.0046605, 0.16487448, -0.03533849
-0.00167852, -0.92031616, -0.39115575
0.27790338, 0.06275493
-0.00801856, 0.16383377, -0.01114988
0.00097659, -0.97347939, 0.22873622
0.96582025, 0.95984057
-0.00800343, 0.17463438, -0.00765044
0.00430311, -0.00399792, 0.99996948
0.52166617, 0.15884602
0.0046601, 0.17463438, -0.03543233
-0.00430311, -0.00961333, -0.99993896
0.88221264, 0.43923694
-0.00812329, 0.17463438, -0.03537707
-0.99996948, 0.0, 0.00430311
0.54857862, 0.97264769
0.00465265, 0.02299825, -0.03715626
0.99996948, 0.0, -0.00430311
0.41848224, 0.93756876
-0.00811992, 0.0289447, -0.03459859
-0.99996948, 0.0, 0.00430311
0.53835577, 0.5965049
0.00466132, 0.02391264, -0.03515001
-0.00427259, 0.09811701, -0.99514759
0.61456376, 0.11567801
-0.00802105, 0.02039324, -0.01172746
0.00430311, -0.00399792, 0.99996948
0.60124952, 0.9428953
0.00466132, 0.02391264, -0.03515001
-0.00177007, 0.90993989, -0.41471604
0.97034973, 0.26545292
-0.00801856, 0.16383377, -0.01114988
0.00430311, -0.00399792, 0.99996948
0.60124952, 0.57243955
0.00466912, 0.02966356, -0.03334589
-0.00430311, -0.00091556, -0.99996948
0.80622458, 0.62940115
0.00466346, 0.0289447, -0.03465385
0.99996948, 0.0, -0.00430311
0.41222703, 0.92207672
0.00466346, 0.0289447, -0.03465385
-0.00207526, 0.87633902, -0.48164311
0.7181865, 0.05884272
-0.00160229, 0.18304616, -0.01840488
0.00430311, -0.00222785, 0.99996948
0.95360309, 0.7223047
-0.00572159, 0.18304887, -0.02009032
-0.77025664, -0.00140385, 0.63771474
0.94386798, 0.67065093
-0.00575714, 0.18306197, -0.02831419
-0.63771474, 0.00170904, -0.77025664
0.90382761, 0.19522607
0.00246674, 0.18306197, -0.02834974
0.63103122, 0.00170904, -0.77574998
0.88216949, 0.19522613
0.00482336, 0.06260562, 0.02937072
-0.00369274, 0.51347393, -0.85808891
0.79754728, 0.19235915
-0.00708428, 0.0091666, 0.08139758
0.00430311, -0.08102664, 0.99667346
0.02633546, 0.2656014
0.00472335, 0.02394489, 0.00623681
-0.00155644, -0.9326151, -0.36078981
0.82954174, 0.52078509
0.00250228, 0.18304887, -0.02012587
0.77571946, -0.00140385, 0.63103122
0.9427954, 0.85381714
-0.00740897, 0.02394489, 0.00628926
-0.99996948, 0.0, 0.00430311
0.36770201, 0.29516983
-0.00730896, 0.06260562, 0.02942317
0.00167852, 0.92065185, 0.39033175
0.68623513, 0.19585824
-0.00273725, 0.18304634, -0.01851171
0.0, 0.99996948, 0.00158696
0.88221264, 0.50435284
-0.00160229, 0.18304616, -0.01840488
0.0, 0.99996948, 0.00155644
0.88221264, 0.50729692
-0.0004683, 0.18304634, -0.01852152
0.0, 0.99996948, 0.00146489
0.88279569, 0.51018491
0.00062115, 0.18304686, -0.01885715
0.0, 0.99996948, 0.00158696
0.88393956, 0.51290587
0.00162419, 0.18304774, -0.01939887
-9.156e-05, 0.99996948, 0.00137333
0.88560003, 0.51535523
0.00250228, 0.18304887, -0.02012587
0.0, 0.99996948, 0.00167852
0.88771355, 0.51743883
0.00322166, 0.18305029, -0.0210102
0.0, 0.99996948, 0.00158696
0.89019871, 0.51907662
0.00375469, 0.1830519, -0.02201789
0.0, 0.99996948, 0.00158696
0.89296001, 0.52020565
0.00408089, 0.18305363, -0.0231102
0.0, 0.99996948, 0.00158696
0.89589149, 0.52078253
0.00373545, 0.18305896, -0.02646861
0.0, 0.99996948, 0.00158696
0.90457314, 0.51908895
0.00418773, 0.18305543, -0.02424517
0.0, 0.99996948, 0.00155644
0.89888036, 0.52078509
0.00407109, 0.18305723, -0.02537916
0.0, 0.99996948, 0.00158696
0.90181184, 0.52021328
0.00319374, 0.18306059, -0.02747165
-0.00012207, 0.99996948, 0.00158696
0.90705836, 0.51745546
0.00246674, 0.18306197, -0.02834974
0.0, 0.99996948, 0.00161748
0.90917182, 0.51537549
0.0015824, 0.18306312, -0.02906911
0.0, 0.99996948, 0.00149541
0.91083229, 0.51292899
0.00057471, 0.18306398, -0.02960215
0.0, 0.99996948, 0.00158696
0.9119761, 0.51020998
-0.0005176, 0.18306451, -0.02992835
0.0, 0.99996948, 0.001648
0.91255921, 0.50732297
-0.00165256, 0.18306468, -0.03003518
0.0, 0.99996948, 0.00152593
0.91255921, 0.50437889
-0.00278656, 0.18306451, -0.02991854
0.0, 0.99996948, 0.00137333
0.9119761, 0.50149086
-0.00487906, 0.18306312, -0.02904118
0.0, 0.99996948, 0.00170904
0.90917176, 0.49632055
-0.00575714, 0.18306197, -0.02831419
0.0, 0.99996948, 0.00146489
0.90705836, 0.49423695
-0.00647652, 0.18306059, -0.02742985
3.052e-05, 0.99996948, 0.00158696
0.90457314, 0.49259919
-0.00733576, 0.18305723, -0.02532985
0.0, 0.99996948, 0.00161748
0.89888036, 0.49089324
-0.00744259, 0.18305543, -0.0241949
0.0, 0.99996948, 0.00158696
0.89589149, 0.49089068
-0.00732595, 0.18305363, -0.0230609
0.0, 0.99996948, 0.001648
0.89296001, 0.49146253
-0.00699032, 0.1830519, -0.02197145
0.0, 0.99996948, 0.00155644
0.89019871, 0.49258685
-0.00644859, 0.18305029, -0.02096841
0.0, 0.99996948, 0.00155644
0.88771355, 0.49422032
-0.00572159, 0.18304887, -0.02009032
0.0, 0.99996948, 0.00158696
0.88560009, 0.49630034
-0.00483726, 0.18304774, -0.01937095
9.156e-05, 0.99996948, 0.00125126
0.8839395, 0.49874681
0.00472335, 0.02394489, 0.00623681
0.99996948, 0.0, -0.00430311
0.04504541, 0.51484644
-0.00160237, 0.17478669, -0.0184234
0.0, -0.99996948, -0.00137333
0.90462965, 0.27027762
-0.00273733, 0.17478687, -0.01853023
0.0, -0.99996948, -0.00155644
0.90185601, 0.26915097
-0.00382965, 0.1747874, -0.01885643
-3.052e-05, -0.99996948, -0.00146489
0.89891148, 0.26857656
-0.00483734, 0.17478825, -0.01938946
0.0, -0.99996948, -0.00158696
0.89590931, 0.26857656
-0.00572167, 0.17478941, -0.02010884
-3.052e-05, -0.99996948, -0.00158696
0.89296478, 0.26915097
-0.00644867, 0.17479081, -0.02098693
0.0, -0.99996948, -0.00158696
0.89019114, 0.27027762
-0.0069904, 0.17479241, -0.02198996
0.0, -0.99996948, -0.00158696
0.8876949, 0.27191329
-0.00732603, 0.17479414, -0.02307942
0.0, -0.99996948, -0.00158696
0.88557202, 0.2739951
-0.00744267, 0.17479596, -0.02421341
-3.052e-05, -0.99996948, -0.00155644
0.8839041, 0.276443
-0.0064766, 0.1748011, -0.02744837
0.0, -0.99996948, -0.00158696
0.88216949, 0.28499466
-0.00733584, 0.17479776, -0.02534837
0.0, -0.99996948, -0.00161748
0.88275516, 0.27916306
-0.00700964, 0.1747995, -0.02644069
-3.052e-05, -0.99996948, -0.00158696
0.88216949, 0.28205055
-0.00575722, 0.1748025, -0.02833271
3.052e-05, -0.99996948, -0.00146489
0.88275516, 0.28788227
-0.00487914, 0.17480366, -0.0290597
-3.052e-05, -0.99996948, -0.00167852
0.88390404, 0.29060227
-0.0038761, 0.17480449, -0.02960143
0.0, -0.99996948, -0.00155644
0.88557196, 0.29305023
-0.00165264, 0.17480521, -0.0300537
0.0, -0.99996948, -0.00161748
0.89019108, 0.29676771
0.00158232, 0.17480366, -0.02908763
0.0, -0.99996948, -0.00158696
0.89891142, 0.29846871
-0.00051768, 0.17480503, -0.02994687
0.0, -0.99996948, -0.00137333
0.89296472, 0.29789436
0.00057463, 0.17480449, -0.02962067
-3.052e-05, -0.99996948, -0.00158696
0.89590925, 0.29846871
0.00246666, 0.1748025, -0.02836825
-3.052e-05, -0.99996948, -0.00158696
0.90185589, 0.29789436
0.00319366, 0.1748011, -0.02749017
-3.052e-05, -0.99996948, -0.00146489
0.90462959, 0.29676771
0.00373537, 0.1747995, -0.02648713
0.0, -0.99996948, -0.00161748
0.90712583, 0.29513204
0.00407101, 0.17479776, -0.02539768
0.0, -0.99996948, -0.00158696
0.90924871, 0.29305023
0.00418765, 0.17479596, -0.02426368
3.052e-05, -0.99996948, -0.00158696
0.91091663, 0.29060227
0.00408081, 0.17479414, -0.02312872
0.0, -0.99996948, -0.00158696
0.91206551, 0.28788227
0.00375461, 0.17479241, -0.02203641
0.0, -0.99996948, -0.00152593
0.91265118, 0.28499472
0.0025022, 0.17478941, -0.02014439
0.0, -0.99996948, -0.00149541
0.91206551, 0.27916306
0.00162411, 0.17478825, -0.01941739
0.0, -0.99996948, -0.00167852
0.91091663, 0.276443
0.00062107, 0.1747874, -0.01887567
0.0, -0.99996948, -0.00146489
0.90924871, 0.2739951
-0.00712411, 0.00393334, 0.07218292
0.0036317, -0.53584397, 0.84429455
0.04494573, 0.08270216
0.00502201, 0.00896376, 0.07532307
0.00012207, -0.99942017, 0.03366192
0.36484632, 0.08924991
0.00453794, 0.16482046, -0.01178598
0.99996948, 0.0, -0.00430311
0.29632115, 0.56650019
0.00453794, 0.16482046, -0.01178598
0.0, 1.0, 0.0
0.82755005, 0.14070541
-0.00772739, 0.02589703, -0.01173296
-0.99996948, 0.0, 0.00430311
0.02633544, 0.92529608
-0.00772739, 0.00829223, -0.01173296
-0.00097659, -0.97293007, -0.23096408
0.53335106, 0.36646938
-0.00764367, 0.0241672, 0.00763259
0.0674459, 0.0, 0.99771112
0.23772894, 0.33522362
0.00453794, 0.00829223, -0.01178598
-0.00430311, 0.0, -0.99996948
0.71988779, 0.57264274
0.00457812, 0.01810124, -0.00249128
0.0028077, -0.75655383, 0.6538896
0.44269031, 0.12188298
0.00458501, 0.15904704, -0.000898
0.00430311, 0.05563524, 0.99841303
0.60126275, 0.52078509
0.00456198, 0.00697216, -0.00622573
0.00408948, -0.31812495, 0.94802696
0.90963787, 0.10900044
-0.00765707, 0.07406926, 0.00453278
0.00302133, 0.71428573, 0.69981992
0.85889548, 0.62956342
-0.00759029, 0.068538, 0.01998137
-0.003296, 0.63914913, -0.76903594
0.97229856, 0.49089068
-0.00758144, 0.07100105, 0.02202839
-0.00018311, 0.99902338, -0.04403821
0.9684211, 0.4075591
-0.00756813, 0.07113683, 0.02510737
0.00402844, 0.34583575, 0.93826103
0.23774023, 0.21341914
-0.00738404, 0.07080447, 0.022012
0.99996948, 0.0, -0.00430311
0.74487638, 0.51651967
0.00447091, 0.07080447, 0.02196075
0.00399792, -0.37083042, 0.92867821
0.63249332, 0.24982208
0.00447091, 0.07080447, 0.02196075
-0.99996948, 0.0, 0.00430311
0.29632115, 0.39120144
-0.00737049, 0.07089022, 0.02514615
-0.00396741, 0.38471633, -0.92300183
0.1109575, 0.1732136
0.00438217, 0.11460657, 0.00143199
0.00430311, 0.02224799, 0.99972534
0.71818644, 0.1104964
-0.00737049, 0.07089022, 0.02514615
-9.156e-05, 0.99960327, -0.02734458
0.96230876, 0.11008751
0.00440343, 0.10738005, 0.00634971
-0.00326548, 0.6511429, -0.7589038
0.12761648, 0.09094197
0.00447952, 0.10704181, 0.02395149
-0.00234993, -0.83654284, -0.54783773
0.89011604, 0.81683397
0.00447352, 0.10273914, 0.02256467
0.00262459, 0.79433578, 0.60744041
0.89011627, 0.76514132
0.00122652, 0.0901062, 0.0022156
0.99996948, 0.0, -0.00430311
0.90405816, 0.97231717
-0.00308544, 0.0901062, 0.00223424
0.00393689, 0.39722893, 0.91769159
0.96230876, 0.19237375
-0.00308544, 0.0901062, 0.00223424
-0.99996948, 0.0, 0.00430311
0.28284261, 0.11626464
0.00122652, 0.0901062, 0.0022156
-0.00430311, 0.04809717, -0.99880975
0.54470688, 0.49275476
0.00129197, 0.08059995, 0.01735457
0.00408948, -0.32300791, 0.94637901
0.53303838, 0.07417655
0.00125337, 0.07623569, 0.00842557
0.00152593, -0.93520921, 0.35407576
0.95523107, 0.59762979
-0.00307146, 0.07298354, 0.00546789
0.00317392, -0.67513049, 0.73766291
0.97096044, 0.05841154
-0.00301857, 0.08936408, 0.01770089
-0.001648, 0.92413098, -0.3820307
0.80295861, 0.04623723
0.00128025, 0.08415645, 0.014644
-0.00372326, 0.50392163, -0.86370432
0.548024, 0.30053312
-0.00307023, 0.08198236, 0.00575059
0.00094607, 0.97415084, 0.22577593
0.2252325, 0.06275493
# Number of Faces:
612
# Face Data:
0, 1, 2
3, 4, 5
6, 7, 8
9, 10, 11
12, 13, 14
15, 16, 17
18, 19, 20
21, 22, 23
24, 25, 26
27, 28, 29
29, 30, 31
18, 32, 33
34, 17, 35
11, 36, 37
5, 38, 39
2, 40, 41
30, 2, 41
42, 18, 33
43, 44, 45
46, 47, 48
49, 50, 18
51, 2, 28
52, 53, 54
55, 56, 57
55, 58, 59
60, 61, 53
62, 63, 64
65, 66, 67
68, 55, 69
69, 57, 70
54, 15, 34
61, 15, 53
71, 72, 73
66, 6, 8
74, 75, 76
77, 78, 79
20, 80, 81
32, 81, 82
83, 31, 84
83, 27, 29
58, 83, 59
59, 84, 56
76, 65, 67
85, 86, 87
80, 60, 81
82, 60, 52
88, 89, 90
90, 91, 92
92, 93, 94
94, 95, 96
97, 98, 99
99, 100, 101
101, 102, 103
103, 104, 105
105, 106, 107
108, 109, 110
107, 111, 112
113, 114, 115
112, 116, 117
118, 119, 120
117, 121, 122
123, 124, 125
126, 127, 128
129, 109, 130
128, 131, 132
133, 134, 113
132, 135, 136
137, 138, 118
136, 139, 140
141, 142, 124
139, 143, 140
144, 145, 129
146, 147, 143
148, 149, 133
150, 151, 147
152, 153, 137
154, 155, 151
156, 157, 142
158, 159, 160
161, 162, 144
163, 164, 159
165, 166, 148
167, 168, 164
169, 170, 152
171, 172, 168
173, 174, 157
175, 176, 172
177, 178, 179
180, 181, 176
182, 183, 184
185, 186, 181
187, 188, 161
189, 190, 186
191, 192, 165
193, 194, 195
196, 197, 169
198, 199, 194
200, 201, 202
203, 204, 174
205, 206, 199
207, 88, 206
208, 209, 210
211, 125, 212
120, 213, 214
115, 215, 216
217, 110, 218
217, 219, 220
221, 215, 222
223, 213, 224
211, 225, 226
227, 225, 228
223, 229, 230
221, 231, 232
233, 234, 235
236, 237, 238
239, 231, 240
230, 241, 242
227, 243, 244
245, 246, 247
248, 249, 250
251, 252, 253
254, 255, 256
257, 258, 259
260, 261, 262
263, 262, 264
265, 257, 259
266, 251, 267
268, 247, 269
270, 271, 272
273, 274, 275
276, 277, 278
274, 279, 275
280, 281, 282
271, 283, 272
284, 285, 286
287, 288, 289
290, 291, 292
293, 294, 295
296, 290, 292
297, 284, 286
298, 247, 271
299, 251, 274
300, 301, 302
251, 303, 274
248, 304, 305
247, 306, 271
307, 286, 308
309, 292, 310
295, 311, 312
292, 313, 310
314, 315, 316
286, 317, 308
318, 319, 320
321, 322, 323
324, 325, 326
327, 328, 329
330, 326, 331
332, 333, 318
333, 334, 319
335, 336, 337
338, 339, 324
340, 341, 327
342, 324, 330
343, 344, 333
308, 334, 344
316, 345, 335
310, 346, 338
312, 347, 340
342, 310, 338
348, 308, 344
272, 349, 284
280, 350, 287
275, 351, 290
293, 277, 352
353, 275, 290
354, 272, 284
355, 356, 357
358, 359, 360
361, 362, 363
359, 364, 360
365, 366, 265
356, 367, 357
368, 318, 369
331, 370, 371
329, 372, 373
326, 374, 370
375, 376, 377
369, 320, 378
369, 379, 356
380, 381, 365
370, 382, 359
373, 383, 361
384, 370, 359
385, 369, 356
386, 387, 388
389, 390, 391
392, 393, 394
395, 396, 397
398, 399, 400
401, 402, 403
404, 405, 406
407, 408, 409
410, 411, 412
413, 414, 415
416, 417, 404
418, 419, 407
420, 421, 410
422, 423, 414
424, 425, 426
427, 428, 429
430, 431, 432
433, 434, 435
435, 423, 436
430, 437, 438
418, 429, 439
426, 440, 416
441, 442, 443
444, 445, 446
447, 448, 449
450, 451, 452
452, 453, 433
449, 431, 454
455, 446, 428
424, 442, 456
441, 457, 458
459, 460, 445
461, 462, 447
463, 464, 450
465, 466, 467
468, 469, 460
470, 471, 472
473, 474, 463
475, 476, 477
478, 479, 480
481, 482, 483
484, 485, 486
486, 487, 473
488, 482, 471
489, 480, 469
477, 466, 490
491, 492, 493
494, 495, 496
497, 498, 499
500, 501, 502
397, 503, 491
504, 394, 495
391, 505, 497
388, 506, 500
502, 507, 484
481, 498, 508
509, 496, 479
493, 510, 475
511, 512, 513
514, 515, 516
517, 518, 519
520, 521, 522
523, 524, 525
526, 521, 527
528, 524, 529
530, 531, 532
530, 533, 534
535, 533, 536
537, 538, 539
540, 541, 542
543, 544, 540
545, 546, 543
547, 548, 545
517, 549, 547
550, 551, 552
553, 554, 555
556, 557, 558
559, 560, 557
561, 560, 562
563, 564, 565
566, 567, 564
568, 569, 567
570, 571, 569
572, 512, 571
0, 573, 1
3, 574, 4
6, 575, 7
9, 576, 10
12, 577, 13
15, 578, 16
18, 50, 19
21, 579, 22
24, 580, 25
27, 51, 28
29, 28, 30
18, 20, 32
34, 15, 17
11, 10, 36
5, 4, 38
2, 1, 40
30, 28, 2
42, 49, 18
43, 581, 44
46, 582, 47
49, 583, 50
51, 0, 2
52, 60, 53
55, 59, 56
55, 584, 58
60, 585, 61
62, 586, 63
65, 587, 66
68, 584, 55
69, 55, 57
54, 53, 15
61, 578, 15
71, 588, 72
66, 587, 6
74, 589, 75
77, 590, 78
20, 19, 80
32, 20, 81
83, 29, 31
83, 591, 27
58, 591, 83
59, 83, 84
76, 75, 65
85, 592, 86
80, 585, 60
82, 81, 60
88, 593, 89
90, 89, 91
92, 91, 93
94, 93, 95
97, 594, 98
99, 98, 100
101, 100, 102
103, 102, 104
105, 104, 106
108, 130, 109
107, 106, 111
113, 134, 114
112, 111, 116
118, 138, 119
117, 116, 121
123, 141, 124
126, 595, 127
129, 145, 109
128, 127, 131
133, 149, 134
132, 131, 135
137, 153, 138
136, 135, 139
141, 156, 142
139, 146, 143
144, 162, 145
146, 150, 147
148, 166, 149
150, 154, 151
152, 170, 153
154, 596, 155
156, 173, 157
158, 163, 159
161, 188, 162
163, 167, 164
165, 192, 166
167, 171, 168
169, 197, 170
171, 175, 172
173, 203, 174
175, 180, 176
177, 597, 178
180, 185, 181
182, 598, 183
185, 189, 186
187, 599, 188
189, 600, 190
191, 601, 192
193, 198, 194
196, 602, 197
198, 205, 199
202, 603, 604
604, 605, 606
606, 607, 608
608, 609, 606
610, 611, 612
613, 614, 612
612, 615, 616
616, 617, 612
618, 619, 200
620, 621, 200
200, 622, 623
623, 624, 200
201, 625, 626
626, 627, 628
628, 629, 202
630, 631, 202
202, 604, 610
606, 609, 610
611, 613, 612
612, 617, 618
619, 620, 200
200, 624, 201
201, 626, 202
629, 630, 202
604, 606, 610
610, 612, 202
618, 200, 202
626, 628, 202
202, 612, 618
203, 632, 204
205, 207, 206
207, 593, 88
210, 633, 634
634, 635, 636
636, 637, 638
638, 639, 640
640, 641, 642
643, 644, 642
642, 645, 646
646, 647, 642
208, 648, 649
650, 651, 649
649, 652, 653
653, 654, 649
655, 656, 657
657, 658, 209
209, 659, 210
660, 661, 210
210, 634, 636
636, 638, 210
641, 643, 642
642, 647, 208
648, 650, 649
649, 654, 655
655, 657, 209
659, 660, 210
210, 638, 640
640, 642, 210
208, 649, 655
655, 209, 208
210, 642, 208
211, 123, 125
120, 119, 213
115, 114, 215
217, 108, 110
217, 218, 219
221, 216, 215
223, 214, 213
211, 212, 225
227, 226, 225
223, 224, 229
221, 222, 231
233, 662, 234
236, 663, 237
239, 232, 231
230, 229, 241
227, 228, 243
245, 664, 246
248, 665, 249
251, 666, 252
254, 667, 255
257, 668, 258
260, 669, 261
263, 260, 262
265, 366, 257
266, 666, 251
268, 245, 247
270, 298, 271
273, 299, 274
276, 670, 277
274, 303, 279
280, 671, 281
271, 306, 283
284, 349, 285
287, 350, 288
290, 351, 291
293, 352, 294
296, 353, 290
297, 354, 284
298, 269, 247
299, 267, 251
300, 672, 301
251, 253, 303
248, 250, 304
247, 246, 306
307, 297, 286
309, 296, 292
295, 294, 311
292, 291, 313
314, 673, 315
286, 285, 317
318, 333, 319
321, 674, 322
324, 339, 325
327, 341, 328
330, 324, 326
332, 343, 333
333, 344, 334
335, 345, 336
338, 346, 339
340, 347, 341
342, 338, 324
343, 348, 344
308, 317, 334
316, 315, 345
310, 313, 346
312, 311, 347
342, 309, 310
348, 307, 308
272, 283, 349
280, 282, 350
275, 279, 351
293, 278, 277
353, 273, 275
354, 270, 272
355, 385, 356
358, 384, 359
361, 383, 362
359, 382, 364
365, 381, 366
356, 379, 367
368, 332, 318
331, 326, 370
329, 328, 372
326, 325, 374
375, 675, 376
369, 318, 320
369, 378, 379
380, 676, 381
370, 374, 382
373, 372, 383
384, 371, 370
385, 368, 369
386, 677, 387
389, 678, 390
392, 679, 393
395, 680, 396
398, 681, 399
401, 682, 402
404, 417, 405
407, 419, 408
410, 421, 411
413, 422, 414
416, 440, 417
418, 439, 419
420, 683, 421
422, 436, 423
424, 456, 425
427, 455, 428
430, 454, 431
433, 453, 434
435, 434, 423
430, 432, 437
418, 427, 429
426, 425, 440
441, 458, 442
444, 459, 445
447, 462, 448
450, 464, 451
452, 451, 453
449, 448, 431
455, 444, 446
424, 443, 442
441, 684, 457
459, 468, 460
461, 685, 462
463, 474, 464
465, 490, 466
468, 489, 469
470, 488, 471
473, 487, 474
475, 510, 476
478, 509, 479
481, 508, 482
484, 507, 485
486, 485, 487
488, 483, 482
489, 478, 480
477, 476, 466
491, 503, 492
494, 504, 495
497, 505, 498
500, 506, 501
397, 396, 503
504, 392, 394
391, 390, 505
388, 387, 506
502, 501, 507
481, 499, 498
509, 494, 496
493, 492, 510
511, 686, 512
514, 687, 515
517, 688, 518
520, 527, 521
523, 529, 524
526, 689, 521
528, 690, 524
530, 534, 531
530, 536, 533
535, 691, 533
537, 692, 538
540, 544, 541
543, 546, 544
545, 548, 546
547, 549, 548
517, 519, 549
550, 693, 551
553, 694, 554
556, 559, 557
559, 562, 560
561, 695, 560
563, 566, 564
566, 568, 567
568, 570, 569
570, 572, 571
572, 513, 512
