# Project Zomboid Skinned Mesh
# File Version:
1.0
# Model Name:
Cube
# Vertex Stride Element Count:
3
# Vertex Stride Size (in bytes):
76
# Vertex Stride Data:
# (Int)    Offset
# (String) Type
0
VertexArray
12
NormalArray
24
TextureCoordArray
# Vertex Count:
832
# Vertex Buffer:
0.0046605, 0.14252234, -0.03533849
0.59923095, -0.44367808, -0.66634113
0.50742042, 0.59478885
0.0047459, 0.15228224, -0.01558357
0.70708334, 0.70708334, -0.00305185
0.45974639, 0.56995115
0.00474585, 0.14234096, -0.01559643
0.99996948, 0.0, -0.00430311
0.45926112, 0.59420514
0.0046601, 0.15228224, -0.03543233
0.57432783, 0.57481611, -0.58284247
0.90553129, 0.90794
-0.00803748, 0.15228224, -0.01552831
-0.70708334, 0.70708334, 0.00305185
0.87434578, 0.9563745
0.0047459, 0.15228224, -0.01558357
0.70708334, 0.70708334, -0.00305185
0.90553129, 0.95637439
-0.00802107, -0.00289464, -0.01173123
-0.70403147, -0.00283822, 0.71013522
0.55694669, 0.94832918
0.00476212, -0.01406967, -0.01183148
0.57029939, -0.63631094, 0.51945555
0.58813125, 0.9755958
0.00476232, -0.00289464, -0.01178649
0.71013522, -0.00283822, 0.70403147
0.58813125, 0.94832711
-0.00813816, -0.00921361, -0.038818
-0.58037049, -0.46879482, -0.66585284
0.87434638, 0.8591184
0.00474498, -0.01329503, -0.01579774
0.70854825, -0.69316691, -0.13202307
0.9055317, 0.80274303
-0.00803841, -0.01329503, -0.01574248
-0.70964688, -0.69316691, -0.12588885
0.87434638, 0.80272566
0.00465265, 0.00064611, -0.03715626
0.61293375, 0.48176518, -0.62623984
0.72900313, 0.08147115
-0.00813816, -0.00921361, -0.038818
-0.58037049, -0.46879482, -0.66585284
0.75329101, 0.05024219
-0.00813074, 0.00064611, -0.037101
-0.61830503, 0.48176518, -0.6209296
0.72900313, 0.05028033
-0.00803835, -0.00217203, -0.01572809
-0.99996948, 0.0, 0.00430311
0.33537224, 0.59836236
-0.00813816, -0.00921361, -0.038818
-0.58037049, -0.46879482, -0.66585284
0.39132148, 0.57998303
-0.00803841, -0.01329503, -0.01574248
-0.70964688, -0.69316691, -0.12588885
0.3348293, 0.57122532
-0.00803754, 0.14234096, -0.01554117
-0.99996948, 0.0, 0.00430311
0.34242612, 0.95093434
-0.0081148, 0.14172807, -0.03341457
-0.8562578, -0.286874, -0.42951751
0.38598663, 0.94851005
-0.00803754, 0.14153191, -0.01554222
-0.99996948, 0.0, 0.00430311
0.34238663, 0.94896051
-0.00812288, 0.14252234, -0.03528323
-0.60496843, -0.44367808, -0.66112244
0.96276271, 0.24215007
0.00466858, 0.14172807, -0.03346983
0.85250401, -0.286874, -0.43690297
0.9581877, 0.21096206
-0.0081148, 0.14172807, -0.03341457
-0.8562578, -0.286874, -0.42951751
0.9581877, 0.24215639
-0.0080036, 0.14229444, -0.00769066
-0.5879696, -0.50233465, 0.63396102
0.57662159, 0.43075913
0.00476483, 0.14148162, -0.01120514
0.8775292, -0.30036318, 0.37376019
0.58504319, 0.3995716
0.00477979, 0.14229444, -0.00774592
0.59343243, -0.50233465, 0.62886441
0.57662159, 0.3995648
0.00466912, 0.00731142, -0.03334589
0.83947265, 0.27478865, -0.46873379
0.49553424, 0.92455371
0.00474584, 0.14153191, -0.01559748
0.99996948, 0.0, -0.00430311
0.45922163, 0.59617898
0.00474508, 0.00461716, -0.01577457
0.99996948, 0.0, -0.00430311
0.45253864, 0.93021338
0.00476483, 0.14148162, -0.01120514
0.8775292, -0.30036318, 0.37376019
0.44850636, 0.5960733
0.00476244, 0.00392632, -0.01175902
0.71013522, -0.00283822, 0.70403147
0.44270903, 0.93169004
-0.00801856, 0.14148162, -0.01114988
-0.87426376, -0.30036318, 0.38132876
0.33167133, 0.94906614
-0.0080036, 0.14229444, -0.00769066
-0.5879696, -0.50233465, 0.63396102
0.3232767, 0.95122895
-0.00802107, -0.00289464, -0.01173123
-0.70403147, -0.00283822, 0.71013522
0.32558653, 0.59680721
-0.00802126, -0.01406967, -0.01177622
-0.56578267, -0.63631094, 0.524369
0.32511556, 0.5695416
0.00476212, -0.01406967, -0.01183148
0.57029939, -0.63631094, 0.51945555
0.90553111, 0.79304864
-0.00802126, -0.01406967, -0.01177622
-0.56578267, -0.63631094, 0.524369
0.87434578, 0.79303126
-0.00800343, 0.15228224, -0.00765044
-0.57460248, 0.57628101, 0.58110297
0.87434578, 0.97559788
0.00477996, 0.15228224, -0.0077057
0.57960755, 0.57628101, 0.57609791
0.90553129, 0.97559775
0.00477996, 0.15228224, -0.0077057
0.57960755, 0.57628101, 0.57609791
0.44053265, 0.56954166
0.00477979, 0.14229444, -0.00774592
0.59343243, -0.50233465, 0.62886441
0.4401117, 0.59391057
-0.00800343, 0.15228224, -0.00765044
-0.57460248, 0.57628101, 0.58110297
0.32369766, 0.97559788
0.00477996, 0.15228224, -0.0077057
0.57960755, 0.57628101, 0.57609791
0.66651773, 0.08502626
-0.0080036, 0.14229444, -0.00769066
-0.5879696, -0.50233465, 0.63396102
0.64215302, 0.0538311
0.00477979, 0.14229444, -0.00774592
0.59343243, -0.50233465, 0.62886441
0.64215308, 0.0850246
-0.00812329, 0.15228224, -0.03537707
-0.57933289, 0.57481611, -0.57786798
0.52258867, 0.07665962
0.0046605, 0.14252234, -0.03533849
0.59923095, -0.44367808, -0.66634113
0.49885434, 0.04543966
-0.00812288, 0.14252234, -0.03528323
-0.60496843, -0.44367808, -0.66112244
0.4988544, 0.07663047
-0.00803748, 0.15228224, -0.01552831
-0.70708334, 0.70708334, 0.00305185
0.34291139, 0.97518834
-0.00812288, 0.14252234, -0.03528323
-0.60496843, -0.44367808, -0.66112244
0.39058545, 0.95035066
0.00466858, 0.14172807, -0.03346983
0.85250401, -0.286874, -0.43690297
0.50282162, 0.59662947
-0.00802096, 0.00319067, -0.01170672
-0.70403147, -0.00283822, 0.71013522
0.32584301, 0.61165458
-0.00803834, -0.00124064, -0.01572688
-0.99996948, 0.0, 0.00430311
0.33541772, 0.60063469
-0.00802105, -0.0019589, -0.01172746
-0.70403147, -0.00283822, 0.71013522
0.32562599, 0.59909031
0.00474504, -0.00217203, -0.01578335
0.99996948, 0.0, -0.00430311
0.45220724, 0.94677714
0.00476233, -0.0019589, -0.01178272
0.71013522, -0.00283822, 0.70403147
0.44246098, 0.94604919
0.00476232, -0.00289464, -0.01178649
0.71013522, -0.00283822, 0.70403147
0.44242156, 0.94833228
0.00466132, 0.0015605, -0.03515001
0.83639026, 0.3170568, -0.44709617
0.49963555, 0.93867777
0.00474505, -0.00124064, -0.01578215
0.99996948, 0.0, -0.00430311
0.45225272, 0.94450481
-0.00803831, 0.00388493, -0.01572025
-0.99996948, 0.0, 0.00430311
0.33566788, 0.61313969
-0.00812207, 0.0015605, -0.03509475
-0.84020507, 0.3170568, -0.43983275
0.38280055, 0.6064617
0.00466346, 0.00659256, -0.03465385
0.6128422, 0.43397319, -0.66032898
0.43293181, 0.20736331
-0.00812207, 0.0015605, -0.03509475
-0.84020507, 0.3170568, -0.43983275
0.44526231, 0.17616725
-0.00811992, 0.00659256, -0.03459859
-0.61851865, 0.43397319, -0.65501875
0.43293181, 0.17617249
-0.00802096, 0.00319067, -0.01170672
-0.70403147, -0.00283822, 0.71013522
0.55694669, 0.93348015
0.00476233, -0.0019589, -0.01178272
0.71013522, -0.00283822, 0.70403147
0.58813125, 0.94604377
0.00476242, 0.00319067, -0.01176198
0.71013522, -0.00283822, 0.70403147
0.58813125, 0.93347808
0.00464522, -0.00921361, -0.03887326
0.57457197, -0.46879482, -0.67085785
0.50815648, 0.96515647
0.00474498, -0.01329503, -0.01579774
0.70854825, -0.69316691, -0.13202307
0.45166433, 0.97391419
0.00476212, -0.01406967, -0.01183148
0.57029939, -0.63631094, 0.51945555
0.44195059, 0.97559788
-0.00812207, 0.0015605, -0.03509475
-0.84020507, 0.3170568, -0.43983275
0.9543215, 0.94440214
0.00465265, 0.00064611, -0.03715626
0.61293375, 0.48176518, -0.62623984
0.95919973, 0.97559788
-0.00813074, 0.00064611, -0.037101
-0.61830503, 0.48176518, -0.6209296
0.95919973, 0.94440342
0.00476483, 0.14148162, -0.01120514
0.8775292, -0.30036318, 0.37376019
0.58813125, 0.59602824
-0.00802095, 0.00392632, -0.01170376
-0.70403147, -0.00283822, 0.71013522
0.55694669, 0.93168507
0.00476244, 0.00392632, -0.01175902
0.71013522, -0.00283822, 0.70403147
0.58813125, 0.93168299
0.00466858, 0.14172807, -0.03346983
0.85250401, -0.286874, -0.43690297
0.74681163, 0.97556374
-0.00811427, 0.00731142, -0.03329063
-0.84350109, 0.27478865, -0.4614704
0.71562982, 0.64842612
-0.0081148, 0.14172807, -0.03341457
-0.8562578, -0.286874, -0.42951751
0.71562982, 0.97559788
-0.00811427, 0.00731142, -0.03329063
-0.84350109, 0.27478865, -0.4614704
0.37869921, 0.6205858
-0.00803831, 0.00461716, -0.01571931
-0.99996948, 0.0, 0.00430311
0.33570364, 0.6149261
-0.00802095, 0.00392632, -0.01170376
-0.70403147, -0.00283822, 0.71013522
0.32587403, 0.61344945
0.00474507, 0.00388493, -0.01577552
0.99996948, 0.0, -0.00430311
0.45250291, 0.93199982
0.00476242, 0.00319067, -0.01176198
0.71013522, -0.00283822, 0.70403147
0.44267803, 0.93348493
0.00466912, 0.00731142, -0.03334589
0.83947265, 0.27478865, -0.46873379
0.95922327, 0.42230105
-0.00811992, 0.00659256, -0.03459859
-0.61851865, 0.43397319, -0.65501875
0.96240145, 0.39110756
-0.00811427, 0.00731142, -0.03329063
-0.84350109, 0.27478865, -0.4614704
0.95922327, 0.39110661
-0.00160237, 0.15243454, -0.0184234
0.00311289, -0.68709373, 0.72655416
0.13750389, 0.0503161
-0.00273725, 0.1606942, -0.01851171
-0.13892025, 0.68431652, 0.71581161
0.1402735, 0.07047206
-0.00273733, 0.15243472, -0.01853023
-0.13885921, -0.68706322, 0.71318704
0.14027353, 0.05031759
-0.00382957, 0.16069472, -0.01883791
-0.27567369, 0.68437755, 0.67494738
0.14294101, 0.07047677
-0.00382965, 0.15243526, -0.01885643
-0.27558213, -0.68700218, 0.67232275
0.14294106, 0.05032235
-0.00483726, 0.1606956, -0.01937095
-0.40177616, 0.68453014, 0.60823387
0.14540385, 0.07048464
-0.00483734, 0.15243611, -0.01938946
-0.40168461, -0.68684959, 0.60567033
0.14540385, 0.05033016
-0.00572159, 0.16069673, -0.02009032
-0.51255834, 0.68468279, 0.5180822
0.14756736, 0.07049525
-0.00572167, 0.15243727, -0.02010884
-0.51237524, -0.68666649, 0.51567125
0.14756738, 0.05034077
-0.00572167, 0.15243727, -0.02010884
-0.51237524, -0.68666649, 0.51567125
0.97042167, 0.61596477
-0.00644859, 0.16069815, -0.02096841
-0.60353404, 0.68489641, 0.40818506
0.96828061, 0.59581158
-0.00644867, 0.15243867, -0.02098693
-0.60335094, -0.68645281, 0.40580463
0.96828061, 0.6159665
-0.00699032, 0.16069975, -0.02197145
-0.67131567, 0.68514055, 0.28260139
0.96583444, 0.59581336
-0.0069904, 0.15244026, -0.02198996
-0.6711936, -0.68620867, 0.28025147
0.96583444, 0.61596832
-0.00732595, 0.16070148, -0.0230609
-0.71330911, 0.68541521, 0.14618365
0.9631772, 0.59581536
-0.00732603, 0.15244199, -0.02307942
-0.71321756, -0.68596452, 0.14395581
0.9631772, 0.61597022
-0.00744259, 0.16070329, -0.0241949
-0.72786647, 0.68568987, 0.00424207
0.96041095, 0.59581718
-0.00744267, 0.15244381, -0.02421341
-0.72786647, -0.68565935, 0.0019837
0.96041095, 0.6159721
-0.00733576, 0.16070509, -0.02532985
-0.71443832, 0.68596452, -0.13779107
0.95764208, 0.59581891
-0.00733584, 0.15244561, -0.02534837
-0.71452987, -0.68541521, -0.13998841
0.95764208, 0.61597386
-0.00715597, -0.01902902, 0.06481324
-0.6888333, -0.72383803, -0.03906369
0.80209231, 0.40247887
0.00496193, -0.01855156, 0.06142485
0.69594407, -0.70461136, -0.13837092
0.83168501, 0.41065788
0.00497635, -0.01902902, 0.0647608
0.68846703, -0.72383803, -0.0450148
0.83168936, 0.40250772
-0.00700956, 0.16070682, -0.02642217
-0.67360455, 0.68620867, -0.27448347
0.95497686, 0.59582052
-0.00700964, 0.15244736, -0.02644069
-0.67375714, -0.68514055, -0.27677235
0.95497686, 0.61597538
-0.00714098, 0.02756036, 0.06828077
-0.73760188, 0.675161, 0.00744652
0.1377188, 0.48788905
-0.00715597, -0.01902902, 0.06481324
-0.6888333, -0.72383803, -0.03906369
0.02510617, 0.50542903
-0.00712498, 0.02802321, 0.07198203
-0.69759208, 0.7144078, -0.05456709
0.14086606, 0.49642944
-0.00647652, 0.16070844, -0.02742985
-0.60683006, 0.68648332, -0.40055543
0.95251787, 0.59582183
-0.0064766, 0.15244895, -0.02744837
-0.60704368, -0.68489641, -0.40293589
0.95251787, 0.61597681
0.00499134, 0.02756036, 0.06822833
0.73766291, 0.675161, 0.00106815
0.80208194, 0.24066025
-0.00712498, 0.02802321, 0.07198203
-0.69759208, 0.7144078, -0.05456709
0.83168095, 0.2316404
0.00500734, 0.02802321, 0.07192959
0.69707328, 0.7144078, -0.06060976
0.80208373, 0.23163658
-0.00575714, 0.16070983, -0.02831419
-0.51683098, 0.68666649, -0.51121557
0.95035952, 0.59582296
-0.00575722, 0.15245035, -0.02833271
-0.51698357, -0.68474382, -0.51362652
0.95035952, 0.61597785
0.00497635, -0.01902902, 0.0647608
0.68846703, -0.72383803, -0.0450148
0.32398778, 0.37023592
0.00499134, 0.02756036, 0.06822833
0.73766291, 0.675161, 0.00106815
0.43660039, 0.38777596
0.00500734, 0.02802321, 0.07192959
0.69707328, 0.7144078, -0.06060976
0.43974766, 0.37923551
-0.00575722, 0.15245035, -0.02833271
-0.51698357, -0.68474382, -0.51362652
0.59143895, 0.0763635
-0.00487906, 0.16071098, -0.02904118
-0.4069033, 0.68681908, -0.60222173
0.58931655, 0.05637884
-0.00487914, 0.15245152, -0.0290597
-0.40711692, -0.68449962, -0.60469377
0.58931661, 0.076487
-0.00722436, -0.01553007, 0.04899438
-0.70183414, -0.68828392, -0.18341625
0.80208176, 0.44115216
-0.00717039, -0.01855156, 0.0614773
-0.6971038, -0.70461136, -0.13235877
0.80208796, 0.41062903
-0.00387602, 0.16071184, -0.02958291
-0.28138065, 0.68697166, -0.66997284
0.58688438, 0.05647153
-0.0038761, 0.15245235, -0.02960143
-0.28150272, -0.68440807, -0.67253637
0.58688438, 0.07657969
-0.00716328, 0.02827146, 0.06312361
-0.72426528, 0.67302471, 0.1496933
0.13655534, 0.47523886
-0.00717039, -0.01855156, 0.0614773
-0.6971038, -0.70461136, -0.13235877
0.0243951, 0.49723649
-0.00278656, 0.16071236, -0.02991854
-0.14502396, 0.68706322, -0.71196634
0.58423585, 0.05652982
-0.00278664, 0.15245289, -0.02993706
-0.14511551, -0.68431652, -0.71456039
0.58423585, 0.07663804
0.00496905, 0.02827146, 0.06307117
0.72554702, 0.67302471, 0.143437
0.80208123, 0.25325698
-0.00714098, 0.02756036, 0.06828077
-0.73760188, 0.675161, 0.00744652
0.83167911, 0.24066401
-0.00165256, 0.16071254, -0.03003518
-0.00311289, 0.68709373, -0.72655416
0.58147275, 0.05655146
-0.00165264, 0.15245306, -0.0300537
-0.00314341, -0.68425548, -0.72920924
0.58147275, 0.07665962
0.00496193, -0.01855156, 0.06142485
0.69594407, -0.70461136, -0.13837092
0.3232767, 0.3784284
0.00496905, 0.02827146, 0.06307117
0.72554702, 0.67302471, 0.143437
0.43543693, 0.40042609
-0.00051768, 0.15245289, -0.02994687
0.13892025, -0.68431652, -0.71578109
0.57870132, 0.07664376
-0.00730643, -0.00983101, 0.03000959
-0.68401134, -0.6718955, -0.28397474
0.80208123, 0.48759669
0.00490797, -0.01553007, 0.04894193
0.70024723, -0.68828392, -0.18948942
0.83167881, 0.44118106
-0.0005176, 0.16071236, -0.02992835
0.13885921, 0.68700218, -0.71324807
0.57870132, 0.05653566
0.00057463, 0.15245235, -0.02962067
0.27564317, -0.68440807, -0.67494738
0.57602793, 0.07659107
-0.00722804, 0.0327722, 0.04814189
-0.71401107, 0.6621601, 0.22733238
0.13896085, 0.43714225
-0.00722436, -0.01553007, 0.04899438
-0.70183414, -0.68828392, -0.18341625
0.02466836, 0.4658972
0.00057471, 0.16071184, -0.02960215
0.27555162, 0.68697166, -0.67238379
0.57602793, 0.05648285
0.00158232, 0.15245152, -0.02908763
0.4018372, -0.68453014, -0.60820335
0.57355547, 0.07650352
0.00490428, 0.0327722, 0.04808944
0.71593374, 0.6621601, 0.22113712
0.80208266, 0.28989333
-0.00716328, 0.02827146, 0.06312361
-0.72426528, 0.67302471, 0.1496933
0.83167845, 0.25326079
0.0015824, 0.16071098, -0.02906911
0.40168461, 0.68684959, -0.60567033
0.57355547, 0.05639535
0.00246666, 0.15245035, -0.02836825
0.51252782, -0.6847133, -0.51814324
0.57137889, 0.07638448
0.00490797, -0.01553007, 0.04894193
0.70024723, -0.68828392, -0.18948942
0.32354996, 0.40976775
0.00490428, 0.0327722, 0.04808944
0.71593374, 0.6621601, 0.22113712
0.43784246, 0.43852276
0.00246674, 0.16070983, -0.02834974
0.51234472, 0.68666649, -0.51570177
0.82214344, 0.0355413
0.00319366, 0.15244895, -0.02749017
0.60353404, -0.68492693, -0.40815455
0.82000232, 0.05569452
0.00246666, 0.15245035, -0.02836825
0.51252782, -0.6847133, -0.51814324
0.82214344, 0.05569625
-0.00736042, -0.00275147, 0.01751865
-0.72521132, -0.6234321, -0.29215369
0.80210775, 0.51822406
0.00482589, -0.00983101, 0.02995714
0.68153936, -0.6718955, -0.28989533
0.83167827, 0.48762554
0.00319374, 0.16070844, -0.02747165
0.60332042, 0.68651384, -0.40574357
0.82000232, 0.03553957
0.00373537, 0.15244736, -0.02648713
0.67131567, -0.68514055, -0.28257087
0.81755614, 0.05569267
-0.00727065, 0.03649639, 0.03828476
-0.71047091, 0.65215003, 0.26438186
0.14235634, 0.41165459
-0.00730643, -0.00983101, 0.03000959
-0.68401134, -0.6718955, -0.28397474
0.02770652, 0.41762364
0.00373545, 0.16070682, -0.02646861
0.6711936, 0.68620867, -0.28028199
0.81755614, 0.03553778
0.00407101, 0.15244561, -0.02539768
0.71330911, -0.68541521, -0.14621417
0.81489891, 0.05569082
0.00486167, 0.03649639, 0.03823232
0.71272928, 0.65215003, 0.25824761
0.80208462, 0.31401128
-0.00722804, 0.0327722, 0.04814189
-0.71401107, 0.6621601, 0.22733238
0.83167982, 0.28989708
0.00407109, 0.16070509, -0.02537916
0.71321756, 0.68596452, -0.14398633
0.81489891, 0.03553587
0.00418765, 0.15244381, -0.02426368
0.72789699, -0.68565935, -0.00424207
0.81213266, 0.05568898
0.00482589, -0.00983101, 0.02995714
0.68153936, -0.6718955, -0.28989533
0.32658809, 0.45804131
0.00486167, 0.03649639, 0.03823232
0.71272928, 0.65215003, 0.25824761
0.44123793, 0.46401036
0.00418773, 0.16070329, -0.02424517
0.72786647, 0.68568987, -0.0019837
0.81213266, 0.03553402
0.00408081, 0.15244199, -0.02312872
0.71443832, -0.68596452, 0.13776055
0.80936378, 0.05568725
-0.00730896, 0.04025348, 0.02942317
-0.58604693, 0.77105016, -0.24893948
0.75329101, 0.1305052
0.00472335, 0.00159275, 0.00623681
0.56553853, -0.2674337, -0.78011411
0.7236982, 0.22835547
-0.00740897, 0.00159275, 0.00628926
-0.57228309, -0.2674337, -0.77520066
0.75329101, 0.2285853
0.00408089, 0.16070148, -0.0231102
0.71452987, 0.68541521, 0.14001893
0.80936378, 0.03553224
0.00375461, 0.15244026, -0.02203641
0.67360455, -0.68620867, 0.27445295
0.80669862, 0.0556857
-0.00707069, 0.02546676, 0.08454014
-0.60414439, 0.35398418, 0.71391952
0.66651773, 0.2281152
0.00504804, -0.01318554, 0.08134513
0.58601642, -0.58763391, 0.55784786
0.63692147, 0.13385046
0.00506163, 0.02546676, 0.0844877
0.61027861, 0.35398418, 0.70867032
0.63692147, 0.22813511
0.00375469, 0.16069975, -0.02201789
0.67372662, 0.68514055, 0.27677235
0.80669856, 0.03553069
0.00322158, 0.15243867, -0.02102872
0.60686058, -0.68645281, 0.40055543
0.80423963, 0.05568427
-0.00740897, 0.00159275, 0.00628926
-0.57228309, -0.2674337, -0.77520066
0.80211526, 0.54571602
0.0047719, -0.00275147, 0.01746621
0.72264779, -0.6234321, -0.29844052
0.83170474, 0.51825291
0.00322166, 0.16069815, -0.0210102
0.60704368, 0.68489641, 0.40293589
0.80423957, 0.03552932
0.0025022, 0.15243727, -0.02014439
0.51683098, -0.68669701, 0.51118505
0.80208123, 0.0556832
-0.00730896, 0.04025348, 0.02942317
-0.58604693, 0.77105016, -0.24893948
0.14638068, 0.38851476
-0.00736042, -0.00275147, 0.01751865
-0.72521132, -0.6234321, -0.29215369
0.0376171, 0.38401967
0.00250228, 0.16069673, -0.02012587
0.51701409, 0.68468279, 0.51368755
0.12750557, 0.0704962
0.00162411, 0.15243611, -0.01941739
0.40687278, -0.68681908, 0.60225224
0.12964143, 0.050331
0.0025022, 0.15243727, -0.02014439
0.51683098, -0.68669701, 0.51118505
0.12750559, 0.05034178
0.00482336, 0.04025348, 0.02937072
0.58384961, 0.77105016, -0.25400555
0.80208695, 0.33570051
-0.00727065, 0.03649639, 0.03828476
-0.71047091, 0.65215003, 0.26438186
0.83168179, 0.31401503
0.00162419, 0.1606956, -0.01939887
0.40702537, 0.68453014, 0.60472429
0.1296414, 0.07048547
0.00062107, 0.15243526, -0.01887567
0.28141117, -0.68700218, 0.6699118
0.13208367, 0.05032289
-0.00387602, 0.16071184, -0.02958291
-0.28138065, 0.68697166, -0.66997284
0.89850593, 0.13941288
-0.00700956, 0.16070682, -0.02642217
-0.67360455, 0.68620867, -0.27448347
0.90362406, 0.14899123
-0.00382957, 0.16069472, -0.01883791
-0.27567369, 0.68437755, 0.67494738
0.92358959, 0.1470241
0.0047719, -0.00275147, 0.01746621
0.72264779, -0.6234321, -0.29844052
0.33649868, 0.49164528
0.00482336, 0.04025348, 0.02937072
0.58384961, 0.77105016, -0.25400555
0.44526228, 0.48715019
0.00062115, 0.16069472, -0.01885715
0.28150272, 0.68437755, 0.67253637
0.1320837, 0.07047731
-0.00046838, 0.15243472, -0.01854004
0.14502396, -0.68706322, 0.71196634
0.13473852, 0.05031788
-0.0004683, 0.1606942, -0.01852152
0.14511551, 0.68434703, 0.71452987
0.13473849, 0.07047236
-0.00278664, 0.15245289, -0.02993706
-0.14511551, -0.68431652, -0.71456039
0.20728824, 0.08600241
0.00322158, 0.15243867, -0.02102872
0.60686058, -0.68645281, 0.40055543
0.22755095, 0.06936866
-0.00046838, 0.15243472, -0.01854004
0.14502396, -0.68706322, 0.71196634
0.22066288, 0.06097347
0.00499796, -0.01889836, 0.06976028
0.68843651, -0.72096926, 0.07873775
0.32706398, 0.35842627
0.00502006, 0.02813077, 0.07487255
0.63731802, 0.73220009, 0.24011964
0.44163132, 0.37230068
-0.00711226, 0.02813077, 0.07492499
-0.63521224, 0.73220009, 0.24564348
0.83168203, 0.2244609
0.00502006, 0.02813077, 0.07487255
0.63731802, 0.73220009, 0.24011964
0.80208486, 0.22445714
-0.00713436, -0.01889836, 0.06981272
-0.6877346, -0.72096926, 0.08468886
0.02818237, 0.51723868
-0.00711226, 0.02813077, 0.07492499
-0.63521224, 0.73220009, 0.24564348
0.1427497, 0.50336424
-0.00713436, -0.01889836, 0.06981272
-0.6877346, -0.72096926, 0.08468886
0.80210561, 0.39028215
0.00499796, -0.01889836, 0.06976028
0.68843651, -0.72096926, 0.07873775
0.83170265, 0.390311
0.00500821, -0.0184188, 0.07213047
0.6304819, -0.64079714, 0.43797112
0.83171231, 0.3845374
-0.00712411, -0.0184188, 0.07218292
-0.62666708, -0.64079714, 0.44340342
0.80211526, 0.38450849
-0.00710533, 0.02684255, 0.0765273
-0.85473192, 0.51652575, 0.05084383
0.14057536, 0.50788522
-0.00712411, -0.0184188, 0.07218292
-0.62666708, -0.64079714, 0.44340342
0.030633, 0.52260637
0.00502699, 0.02684255, 0.07647485
0.85512865, 0.51652575, 0.04342784
0.80208355, 0.22052479
-0.00710533, 0.02684255, 0.0765273
-0.85473192, 0.51652575, 0.05084383
0.83168077, 0.2205286
0.00502699, 0.02684255, 0.07647485
0.85512865, 0.51652575, 0.04342784
0.43945697, 0.36777979
0.00500821, -0.0184188, 0.07213047
0.6304819, -0.64079714, 0.43797112
0.32951462, 0.35305858
0.00502201, -0.01338838, 0.07532307
0.82985932, -0.48585469, 0.27423933
0.34323284, 0.34825462
0.00504066, 0.02854975, 0.07963658
0.60908842, 0.79265726, 0.02551347
0.44526228, 0.36121017
-0.00709167, 0.02854975, 0.07968903
-0.60884428, 0.79265726, 0.03079318
0.83168411, 0.21284318
0.00504066, 0.02854975, 0.07963658
0.60908842, 0.79265726, 0.02551347
0.80208695, 0.21283937
-0.00711031, -0.01338838, 0.07537551
-0.82747889, -0.48585469, 0.28141117
0.04435122, 0.52741033
-0.00709167, 0.02854975, 0.07968903
-0.60884428, 0.79265726, 0.03079318
0.14638068, 0.51445478
-0.00711031, -0.01338838, 0.07537551
-0.82747889, -0.48585469, 0.28141117
0.12750557, 0.14890522
0.00500821, -0.0184188, 0.07213047
0.6304819, -0.64079714, 0.43797112
0.13974246, 0.11936194
0.00502201, -0.01338838, 0.07532307
0.82985932, -0.48585469, 0.27423933
0.12750557, 0.11930043
-0.00711031, -0.01338838, 0.07537551
-0.82747889, -0.48585469, 0.28141117
0.12750557, 0.27651566
0.00504804, -0.01318554, 0.08134513
0.58601642, -0.58763391, 0.55784786
0.14219186, 0.30612332
-0.00708428, -0.01318554, 0.08139758
-0.58119452, -0.58763391, 0.56291389
0.14219186, 0.27651775
-0.00707069, 0.02546676, 0.08454014
-0.60414439, 0.35398418, 0.71391952
0.14173931, 0.52769011
-0.00708428, -0.01318554, 0.08139758
-0.58119452, -0.58763391, 0.56291389
0.04816463, 0.54161036
-0.00707069, 0.02546676, 0.08454014
-0.60414439, 0.35398418, 0.71391952
0.83168143, 0.20095193
0.00506163, 0.02546676, 0.0844877
0.61027861, 0.35398418, 0.70867032
0.80208427, 0.20094818
0.00506163, 0.02546676, 0.0844877
0.61027861, 0.35398418, 0.70867032
0.44062093, 0.34797484
0.00504804, -0.01318554, 0.08134513
0.58601642, -0.58763391, 0.55784786
0.34704626, 0.33405459
0.00453794, 0.00354489, -0.01178598
0.70403147, 0.0, -0.71013522
0.12504563, 0.92941721
0.00455816, 0.14246832, -0.00710849
0.63451034, 0.72026736, 0.28031251
0.11363496, 0.59041458
0.00455816, 0.00354489, -0.00710849
0.99996948, 0.0, -0.00430311
0.11363487, 0.92941719
0.00455816, 0.14246832, -0.00710849
0.63451034, 0.72026736, 0.28031251
0.41623735, 0.11558437
-0.00772739, 0.14246832, -0.01173296
-0.57982117, 0.57734919, -0.57484663
0.42764798, 0.08565414
-0.00770717, 0.14246832, -0.00705546
-0.63206887, 0.72026736, 0.28580585
0.41623738, 0.08565408
-0.00770717, 0.00354489, -0.00705546
-0.99996948, 0.0, 0.00430311
0.26307571, 0.63659522
-0.00772739, -0.01405991, -0.01173296
-0.59331036, -0.50038147, -0.63051242
0.27448648, 0.59363577
-0.00770335, -0.01537998, -0.00617271
-0.58055359, -0.71071506, 0.39722893
0.26092222, 0.59041455
-0.00770335, -0.01537998, -0.00617271
-0.58055359, -0.71071506, 0.39722893
0.12750557, 0.22771144
0.00453794, -0.01405991, -0.01178598
0.58784753, -0.50038147, -0.63560897
0.14109701, 0.19777101
0.00456198, -0.01537998, -0.00622573
0.58394116, -0.71071506, 0.39219338
0.12750557, 0.19778132
-0.00764367, 0.00354489, 0.00763259
-0.75203711, -0.18027283, 0.63396102
0.82567054, 0.60906377
0.0046183, 0.00181506, 0.00680342
0.62822354, -0.41770685, 0.65636158
0.79575199, 0.60494298
0.0046183, 0.00354489, 0.00680342
0.79485458, -0.16492203, 0.58391064
0.7957648, 0.60916406
0.00453794, 0.00354489, -0.01178598
0.70403147, 0.0, -0.71013522
0.63692147, 0.93274479
-0.00772739, -0.01405991, -0.01173296
-0.59331036, -0.50038147, -0.63051242
0.66683966, 0.97556553
-0.00772739, 0.00354489, -0.01173296
-0.71013522, 0.0, -0.70403147
0.66683966, 0.93271245
0.00453794, 0.14246832, -0.01178598
0.57484663, 0.57734919, -0.57982117
0.63692147, 0.59458148
-0.00772739, 0.14246832, -0.01173296
-0.57982117, 0.57734919, -0.57484663
0.6668396, 0.59454912
0.0047163, 0.04023423, 0.02947264
0.61140782, -9.156e-05, 0.79128391
0.7956019, 0.69844717
-0.00772739, 0.14246832, -0.01173296
-0.57982117, 0.57734919, -0.57484663
0.27448648, 0.97559788
-0.00770717, 0.14246832, -0.00705546
-0.63206887, 0.72026736, 0.28580585
0.26307574, 0.97559785
0.00453794, -0.01405991, -0.01178598
0.58784753, -0.50038147, -0.63560897
0.12504563, 0.97237665
0.00456198, -0.01537998, -0.00622573
0.58394116, -0.71071506, 0.39219338
0.11148137, 0.97559788
0.00459182, -0.00151199, 0.00067747
0.70909756, -0.53495896, 0.45930356
0.09464099, 0.94175702
0.00457812, 0.00354489, -0.00249128
0.99996948, 0.0, -0.00430311
0.10237119, 0.92941718
0.00459182, 0.00354489, 0.00067747
0.99996948, 0.0, -0.00430311
0.09464099, 0.92941717
-0.0076701, 0.09425905, 0.00151975
-0.70049137, 0.02838221, 0.71306497
0.24215645, 0.85795701
-0.00768721, 0.00354489, -0.00243826
-0.99996948, 0.0, 0.00430311
0.25181201, 0.63659525
-0.00767351, 0.00354489, 0.00073049
-0.99996948, 0.0, 0.00430311
0.24408184, 0.63659525
-0.00768721, -0.0042509, -0.00243826
-0.76931059, -0.35435042, 0.53154087
0.89850587, 0.04515737
0.00459182, -0.00151199, 0.00067747
0.70909756, -0.53495896, 0.45930356
0.90623969, 0.07509416
-0.00767351, -0.00151199, 0.00073049
-0.70509964, -0.53495896, 0.4654378
0.90617883, 0.04516411
-0.00767351, -0.00151199, 0.00073049
-0.70509964, -0.53495896, 0.4654378
0.24408184, 0.62425539
0.00459523, 0.09425905, 0.00146673
0.7066561, 0.02838221, 0.70696127
0.82554942, 0.87175477
-0.00768032, 0.13669489, -0.00084498
-0.62880337, 0.32926419, 0.70436722
0.79563481, 0.76816386
-0.0076701, 0.09425905, 0.00151975
-0.70049137, 0.02838221, 0.71306497
0.79562867, 0.87174098
0.00459523, 0.09425905, 0.00146673
0.7066561, 0.02838221, 0.70696127
0.09271565, 0.70805538
0.00459484, 0.00354489, 0.00137664
0.99996948, 0.0, -0.00430311
0.09293538, 0.92941717
0.00460826, 0.05171712, 0.00447976
0.76744896, 0.33881649, 0.5442366
0.08536533, 0.81186672
0.00460826, 0.00354489, 0.00447976
0.99996948, 0.0, -0.00430311
0.0853653, 0.92941716
0.00459901, 0.05833731, 0.00234004
0.74376661, 0.11258278, 0.65886408
0.8255226, 0.95942006
-0.00765707, 0.05171712, 0.00453278
-0.76271856, 0.33881649, 0.55082858
0.79563481, 0.97558409
0.00460826, 0.05171712, 0.00447976
0.76744896, 0.33881649, 0.5442366
0.82555556, 0.97559788
-0.00767049, 0.00354489, 0.00142966
-0.99996948, 0.0, 0.00430311
0.24237622, 0.63659525
-0.00765707, 0.00064923, 0.00453278
-0.71700186, -0.63698232, 0.28305918
0.23480614, 0.62952924
-0.00765707, 0.00354489, 0.00453278
-0.99996948, 0.0, 0.00430311
0.23480614, 0.63659525
-0.00767049, -0.00090767, 0.00142966
-0.73436689, -0.56294441, 0.37919247
0.90787178, 0.0451656
0.00460826, 0.00064923, 0.00447976
0.7084567, -0.63200784, 0.31403548
0.91547012, 0.07509309
-0.00765707, 0.00064923, 0.00453278
-0.71700186, -0.63698232, 0.28305918
0.91540921, 0.04516304
-0.00765707, 0.05171712, 0.00453278
-0.76271856, 0.33881649, 0.55082858
0.23480615, 0.7541457
0.00460826, 0.00064923, 0.00447976
0.7084567, -0.63200784, 0.31403548
0.0853653, 0.93648318
0.00457812, -0.0042509, -0.00249128
0.77388835, -0.35435042, 0.52485734
0.10237118, 0.94844054
-0.00768032, 0.13669489, -0.00084498
-0.62880337, 0.32926419, 0.70436722
0.24792522, 0.9615095
-0.00770335, -0.01537998, -0.00617271
-0.58055359, -0.71071506, 0.39722893
0.8744607, 0.59580991
0.00457812, -0.0042509, -0.00249128
0.77388835, -0.35435042, 0.52485734
0.90156931, 0.6258117
-0.00768721, -0.0042509, -0.00243826
-0.76931059, -0.35435042, 0.53154087
0.90156931, 0.59588236
-0.00768721, -0.0042509, -0.00243826
-0.76931059, -0.35435042, 0.53154087
0.25181201, 0.61757189
-0.00768032, 0.13669489, -0.00084498
-0.62880337, 0.32926419, 0.70436722
0.40098658, 0.08566201
0.00458501, 0.13669489, -0.000898
0.63487655, 0.32926419, 0.6989044
0.40098658, 0.1155923
0.00458501, 0.13669489, -0.000898
0.63487655, 0.32926419, 0.6989044
0.09848445, 0.60450295
0.00461071, 0.0009345, 0.00504833
0.70970792, -0.63158053, 0.31205177
0.08397827, 0.93578706
0.00461071, 0.00354489, 0.00504833
0.99996948, 0.0, -0.00430311
0.08397827, 0.92941716
-0.00763565, 0.04686196, 0.00948818
-0.75066376, 0.54933316, 0.3670156
0.22271743, 0.7422981
-0.00765379, 0.00354489, 0.00529127
-0.99996948, 0.0, 0.00430311
0.2329558, 0.63659525
0.00461071, 0.0009345, 0.00504833
0.70970792, -0.63158053, 0.31205177
0.91685116, 0.07509261
-0.00765379, 0.0009345, 0.00529127
-0.70329905, -0.66399121, 0.25382245
0.91725355, 0.04516166
-0.00765379, 0.0009345, 0.00529127
-0.70329905, -0.66399121, 0.25382245
0.2329558, 0.63022536
0.00460826, 0.05171712, 0.00447976
0.76744896, 0.33881649, 0.5442366
0.91042417, 0.38450849
-0.00763565, 0.04686196, 0.00948818
-0.75066376, 0.54933316, 0.3670156
0.88050914, 0.39668506
0.00462968, 0.04686196, 0.00943516
0.75380719, 0.54933316, 0.36051515
0.91043079, 0.39668506
0.00462968, 0.04686196, 0.00943516
0.75380719, 0.54933316, 0.36051515
0.07327661, 0.82371432
0.00461643, 0.00354489, 0.0063705
0.99996948, 0.0, -0.00430311
0.08075283, 0.92941716
0.00467504, 0.04618586, 0.01992835
0.79451889, 0.52647483, -0.30252999
0.04767844, 0.82536411
0.00468389, 0.04864891, 0.02197537
0.62483597, 0.69823295, -0.34928435
0.04268472, 0.81935376
0.00467504, 0.04618586, 0.01992835
0.79451889, 0.52647483, -0.30252999
0.58296651, 0.19422269
-0.00758144, 0.04864891, 0.02202839
-0.62782675, 0.69823295, -0.34385204
0.57662159, 0.16436583
0.00468389, 0.04864891, 0.02197537
0.62483597, 0.69823295, -0.34928435
0.57662159, 0.19429255
-0.00764685, 0.00354489, 0.00689739
-0.99996948, 0.0, 0.00430311
0.22903767, 0.63659528
-0.00764617, 0.00159785, 0.00705507
-0.69917905, -0.66798913, 0.25470749
0.228653, 0.63184407
-0.00764617, 0.00354489, 0.00705507
-0.99996948, 0.0, 0.00430311
0.228653, 0.63659528
-0.00764685, 0.00153855, 0.00689739
-0.69975889, -0.66753137, 0.25434124
0.92115903, 0.04515868
0.00461643, 0.00159785, 0.0063705
0.71629995, -0.62504959, 0.31012911
0.92006266, 0.07509154
-0.00764617, 0.00159785, 0.00705507
-0.69917905, -0.66798913, 0.25470749
0.92154247, 0.04515839
-0.00759029, 0.04618586, 0.01998137
-0.79708242, 0.52647483, -0.29566333
0.19711927, 0.7406483
-0.00758144, 0.04864891, 0.02202839
-0.62782675, 0.69823295, -0.34385204
0.19212554, 0.74665865
0.00461643, 0.00159785, 0.0063705
0.71629995, -0.62504959, 0.31012911
0.08075283, 0.93416833
0.00461592, 0.00354489, 0.0062523
0.99996948, 0.0, -0.00430311
0.08104118, 0.92941716
0.0046472, 0.04517363, 0.01348825
0.77401042, 0.629017, 0.07211524
0.06338908, 0.82783419
0.0046472, 0.04517363, 0.01348825
0.77401042, 0.629017, 0.07211524
0.91043311, 0.40660471
-0.00759029, 0.04618586, 0.01998137
-0.79708242, 0.52647483, -0.29566333
0.88050997, 0.42230207
0.00467504, 0.04618586, 0.01992835
0.79451889, 0.52647483, -0.30252999
0.91043162, 0.42230201
-0.00765111, 0.00354489, 0.00591165
-0.99996948, 0.0, 0.00430311
0.23144239, 0.63659525
-0.00764685, 0.00153855, 0.00689739
-0.69975889, -0.66753137, 0.25434124
0.22903766, 0.63169938
-0.00765111, 0.00116782, 0.00591165
-0.70122379, -0.66570026, 0.25510421
0.91876209, 0.04516053
0.00461592, 0.00153855, 0.0062523
0.71446884, -0.62746054, 0.30945769
0.91977561, 0.07509166
-0.00761813, 0.04517363, 0.01354127
-0.77336955, 0.629017, 0.07879879
0.21282989, 0.73817822
0.00461592, 0.00153855, 0.0062523
0.71446884, -0.62746054, 0.30945769
0.08104118, 0.93431304
0.00461273, 0.00354489, 0.00551338
0.99996948, 0.0, -0.00430311
0.08284379, 0.92941716
-0.00761813, 0.04517363, 0.01354127
-0.77336955, 0.629017, 0.07879879
0.8805114, 0.40660471
-0.00765111, 0.00116782, 0.00591165
-0.70122379, -0.66570026, 0.25510421
0.23144239, 0.6307947
0.00461273, 0.00116782, 0.00551338
0.71190524, -0.62947476, 0.31131932
0.91798073, 0.07509226
0.00461273, 0.00116782, 0.00551338
0.71190524, -0.62947476, 0.31131932
0.08284378, 0.93521771
0.00459901, 0.05833731, 0.00234004
0.74376661, 0.11258278, 0.65886408
0.09058519, 0.79571205
-0.00766632, 0.05833731, 0.00239306
-0.73802912, 0.11258278, 0.66527301
0.7956019, 0.95940626
-0.00767049, -0.00090767, 0.00142966
-0.73436689, -0.56294441, 0.37919247
0.24237622, 0.62573007
0.00459484, -0.00090767, 0.00137664
0.73760188, -0.56294441, 0.37281412
0.90793264, 0.07509565
-0.00766632, 0.05833731, 0.00239306
-0.73802912, 0.11258278, 0.66527301
0.240026, 0.77030036
0.00459484, -0.00090767, 0.00137664
0.73760188, -0.56294441, 0.37281412
0.09293538, 0.94028235
0.0046183, 0.00181506, 0.00680342
0.62822354, -0.41770685, 0.65636158
0.07969673, 0.9336383
0.00461764, 0.00354489, 0.00665064
0.99996948, 0.0, -0.00430311
0.08006944, 0.92941716
0.0046183, 0.00354489, 0.00680342
0.79485458, -0.16492203, 0.58391064
0.07969673, 0.92941716
-0.00754903, 0.04023423, 0.02952566
-0.60429698, 0.00097659, 0.79671621
0.17383592, 0.72612509
-0.00764455, 0.00354489, 0.00742878
-0.99996948, 0.0, 0.00430311
0.22774135, 0.63659528
-0.00764367, 0.00354489, 0.00763259
-0.75203711, -0.18027283, 0.63396102
0.22724415, 0.63659528
-0.00764455, 0.00173841, 0.00742878
-0.69832456, -0.66881311, 0.25492111
0.92245114, 0.04515773
0.0046183, 0.00181506, 0.00680342
0.62822354, -0.41770685, 0.65636158
0.92111421, 0.07509118
-0.00764367, 0.00181506, 0.00763259
-0.57600635, -0.45554978, 0.6787011
0.92294675, 0.04515737
-0.00764367, 0.00181506, 0.00763259
-0.57600635, -0.45554978, 0.6787011
0.22724415, 0.63237411
0.00470211, 0.04570514, 0.02618951
0.73143709, 0.29587695, 0.61433762
0.79570532, 0.7118327
-0.00754903, 0.04023423, 0.02952566
-0.60429698, 0.00097659, 0.79671621
0.82552248, 0.69835526
0.0047163, 0.04023423, 0.02947264
0.61140782, -9.156e-05, 0.79128391
0.0243951, 0.83988732
0.00461732, 0.00170055, 0.00657518
0.71697134, -0.62453079, 0.30964079
0.08025352, 0.93391774
0.00461732, 0.00354489, 0.00657518
0.99996948, 0.0, -0.00430311
0.08025352, 0.92941716
-0.00764499, 0.00354489, 0.00732811
-0.99996948, 0.0, 0.00430311
0.22798692, 0.63659528
-0.00756813, 0.04878469, 0.02510737
-0.59343243, 0.66902679, 0.44740134
0.18461435, 0.74699
0.00461732, 0.00170055, 0.00657518
0.71697134, -0.62453079, 0.30964079
0.92055982, 0.07509136
-0.00764499, 0.00170055, 0.00732811
-0.69872129, -0.66850793, 0.25464645
0.9222064, 0.04515791
-0.00764499, 0.00170055, 0.00732811
-0.69872129, -0.66850793, 0.25464645
0.22798692, 0.63209468
0.00468389, 0.04864891, 0.02197537
0.62483597, 0.69823295, -0.34928435
0.57662159, 0.32083005
-0.00756813, 0.04878469, 0.02510737
-0.59343243, 0.66902679, 0.44740134
0.58413029, 0.35076052
0.0046972, 0.04878469, 0.02505435
0.59727776, 0.66902679, 0.44227424
0.58413029, 0.32083029
0.0046972, 0.04878469, 0.02505435
0.59727776, 0.66902679, 0.44227424
0.03517353, 0.8190224
0.00470211, 0.04570514, 0.02618951
0.73143709, 0.29587695, 0.61433762
0.03240431, 0.82653715
0.0046972, 0.04878469, 0.02505435
0.59727776, 0.66902679, 0.44227424
0.7957499, 0.71935961
-0.00756322, 0.04570514, 0.02624253
-0.72609639, 0.29587695, 0.62065494
0.82562596, 0.71174079
-0.00764455, 0.00173841, 0.00742878
-0.69832456, -0.66881311, 0.25492111
0.22774135, 0.63218707
0.00461764, 0.00173841, 0.00665064
0.71758169, -0.62379831, 0.30964079
0.92074311, 0.0750913
-0.00756322, 0.04570514, 0.02624253
-0.72609639, 0.29587695, 0.62065494
0.18184513, 0.73947525
0.00461764, 0.00173841, 0.00665064
0.71758169, -0.62379831, 0.30964079
0.08006943, 0.93382534
-0.00737049, 0.04853808, 0.02514615
0.60087895, 0.65773493, -0.45414594
0.07221387, 0.30612332
-0.00737307, 0.05480518, 0.02454883
0.74074525, -0.16568498, 0.65102082
0.06502537, 0.29254764
-0.00735823, 0.05533799, 0.02798055
0.67772454, 0.19769891, -0.70821255
0.05731789, 0.29606569
-0.00738404, 0.04845233, 0.022012
0.56181526, 0.47441024, 0.67766351
0.52783138, 0.12546384
0.00448188, 0.05480518, 0.02449758
-0.7350688, -0.16568498, 0.65739924
0.49886549, 0.14094371
-0.00737307, 0.05480518, 0.02454883
0.74074525, -0.16568498, 0.65102082
0.52778512, 0.1409384
0.00448188, 0.05480518, 0.02449758
-0.7350688, -0.16568498, 0.65739924
0.36390695, 0.1779722
0.00448446, 0.04853808, 0.0250949
-0.60478532, 0.65773493, -0.44892728
0.37109542, 0.16439652
0.00449671, 0.05533799, 0.02792931
-0.68382823, 0.19769891, -0.70232248
0.35619944, 0.17445421
0.00448446, 0.04853808, 0.0250949
-0.60478532, 0.65773493, -0.44892728
0.20003262, 0.22426212
-0.00735823, 0.05533799, 0.02798055
0.67772454, 0.19769891, -0.70821255
0.22883515, 0.20717829
0.00449671, 0.05533799, 0.02792931
-0.68382823, 0.19769891, -0.70232248
0.19991805, 0.20722371
0.00438342, 0.07919999, 0.00172251
-0.54283273, 0.80007327, 0.25531784
0.32327673, 0.08372974
-0.00747278, 0.09225443, 0.00148324
0.57612842, -0.58696252, 0.56877345
0.35219637, 0.1155923
-0.00747153, 0.07919999, 0.00177376
0.54499954, 0.80007327, 0.25061801
0.35219637, 0.0837338
-0.00738404, 0.04845233, 0.022012
0.56181526, 0.47441024, 0.67766351
0.58426577, 0.24309695
0.00448446, 0.04853808, 0.0250949
-0.60478532, 0.65773493, -0.44892728
0.57662159, 0.27202564
0.00447091, 0.04845233, 0.02196075
-0.55595571, 0.47441024, 0.6824854
0.58426577, 0.27202576
0.00439234, 0.09213816, 0.00378515
-0.68193609, -0.72157961, -0.11932737
0.90942872, 0.54000041
-0.00747278, 0.09225443, 0.00148324
0.57612842, -0.58696252, 0.56877345
0.88050294, 0.54571384
0.00438217, 0.09225443, 0.00143199
-0.5711844, -0.58696252, 0.57371747
0.90942329, 0.5457449
0.00439319, 0.08226841, 0.00398208
-0.71791744, 0.43482772, -0.54356515
0.36887714, 0.26147455
0.00438217, 0.09225443, 0.00143199
-0.5711844, -0.58696252, 0.57371747
0.36067989, 0.28525037
0.00438342, 0.07919999, 0.00172251
-0.54283273, 0.80007327, 0.25531784
0.37759694, 0.25825167
-0.00746176, 0.08226841, 0.00403332
0.71318704, 0.43482772, -0.5497604
0.4374077, 0.25624382
0.00438342, 0.07919999, 0.00172251
-0.54283273, 0.80007327, 0.25531784
0.44526231, 0.28509301
-0.00747153, 0.07919999, 0.00177376
0.54499954, 0.80007327, 0.25061801
0.44526231, 0.25616759
-0.00747278, 0.09225443, 0.00148324
0.57612842, -0.58696252, 0.56877345
0.06179831, 0.18526947
-0.00746176, 0.08226841, 0.00403332
0.71318704, 0.43482772, -0.5497604
0.06999553, 0.20904529
-0.00747153, 0.07919999, 0.00177376
0.54499954, 0.80007327, 0.25061801
0.07871537, 0.21226823
0.004403, 0.09141196, 0.00625087
-0.7008881, -0.67824334, -0.22058779
0.90942949, 0.53396857
-0.00746261, 0.09213816, 0.0038364
0.68089849, -0.72157961, -0.12521744
0.8805083, 0.53996935
0.00440343, 0.08502791, 0.00634971
-0.7934202, 0.53114414, -0.29718924
0.36035144, 0.26392281
0.00439234, 0.09213816, 0.00378515
-0.68193609, -0.72157961, -0.11932737
0.35604078, 0.2818563
-0.00745152, 0.08502791, 0.00640096
0.79082614, 0.53114414, -0.30402538
0.43028635, 0.25632489
0.00439319, 0.08226841, 0.00398208
-0.71791744, 0.43482772, -0.54356515
0.43740773, 0.28516924
-0.00746261, 0.09213816, 0.0038364
0.68089849, -0.72157961, -0.12521744
0.0571592, 0.18866354
-0.00745152, 0.08502791, 0.00640096
0.79082614, 0.53114414, -0.30402538
0.06146984, 0.20659703
0.00443697, 0.08853851, 0.01410855
-0.71489608, -0.66454053, -0.21741386
0.9094274, 0.51473475
-0.00743497, 0.08997522, 0.01023096
0.70604569, -0.66408277, -0.24588764
0.88050807, 0.52432057
0.00441998, 0.08997522, 0.01017971
-0.708121, -0.66408277, -0.23978393
0.90942842, 0.52435166
0.00442031, 0.08569179, 0.01025456
-0.75954467, 0.64937282, 0.03689688
0.35150406, 0.26003718
0.00443697, 0.08853851, 0.01410855
-0.71489608, -0.66454053, -0.21741386
0.3398326, 0.26066911
0.00441998, 0.08997522, 0.01017971
-0.708121, -0.66408277, -0.23978393
0.34591147, 0.26886857
-0.00743464, 0.08569179, 0.01030581
0.75984985, 0.64937282, 0.0303354
0.90939748, 0.23263943
0.00443719, 0.08460307, 0.01415941
-0.70961636, 0.67494738, 0.20215461
0.88047695, 0.22308755
0.00442031, 0.08569179, 0.01025456
-0.75954467, 0.64937282, 0.03689688
0.88047695, 0.23263496
-0.00741798, 0.08853851, 0.0141598
0.71300393, -0.66454053, -0.2235786
0.040951, 0.20985079
-0.00743464, 0.08569179, 0.01030581
0.75984985, 0.64937282, 0.0303354
0.05262244, 0.21048266
-0.00743497, 0.08997522, 0.01023096
0.70604569, -0.66408277, -0.24588764
0.04702989, 0.20165128
-0.00745195, 0.09141196, 0.00630212
0.69896543, -0.67824334, -0.22666097
0.05310876, 0.19345182
0.00440343, 0.08502791, 0.00634971
-0.7934202, 0.53114414, -0.29718924
0.88047451, 0.24215192
-0.00745152, 0.08502791, 0.00640096
0.79082614, 0.53114414, -0.30402538
0.90939504, 0.24215639
0.004403, 0.09141196, 0.00625087
-0.7008881, -0.67824334, -0.22058779
0.35199037, 0.27706808
-0.00745195, 0.09141196, 0.00630212
0.69896543, -0.67824334, -0.22666097
0.88050908, 0.53393751
0.00446848, 0.08636152, 0.02139867
-0.67735833, -0.66823328, -0.30759606
0.90942949, 0.49690038
-0.00740255, 0.08747276, 0.01772867
0.70619833, -0.67754143, -0.20535906
0.88050807, 0.50597289
0.00445239, 0.08747276, 0.01767742
-0.70796835, -0.67754143, -0.19925535
0.90942842, 0.50600395
0.00445036, 0.08365436, 0.017207
-0.72496718, 0.6374706, 0.26081118
0.34006962, 0.24655682
0.00446848, 0.08636152, 0.02139867
-0.67735833, -0.66823328, -0.30759606
0.32789725, 0.2464512
0.00445239, 0.08747276, 0.01767742
-0.70796835, -0.67754143, -0.19925535
0.33398965, 0.25370878
-0.00739085, 0.08205409, 0.02043596
0.73021638, 0.58037049, 0.36045411
0.90939635, 0.20785677
0.00445036, 0.08365436, 0.017207
-0.72496718, 0.6374706, 0.26081118
0.88047677, 0.21563435
-0.00740459, 0.08365436, 0.01725825
0.72719502, 0.6374706, 0.25452438
0.9093973, 0.21563882
-0.00738647, 0.08636152, 0.02144992
0.67467266, -0.66823328, -0.31342509
0.02901565, 0.22406864
-0.00740459, 0.08365436, 0.01725825
0.72719502, 0.6374706, 0.25452438
0.04118802, 0.22396308
-0.00740255, 0.08747276, 0.01772867
0.70619833, -0.67754143, -0.20535906
0.03510806, 0.21681112
-0.00741776, 0.08460307, 0.01421066
0.71132541, 0.67494738, 0.19602038
0.0461257, 0.21794063
-0.00741776, 0.08460307, 0.01421066
0.71132541, 0.67494738, 0.19602038
0.90939748, 0.22309196
0.00443719, 0.08460307, 0.01415941
-0.70961636, 0.67494738, 0.20215461
0.34500727, 0.25257927
-0.00741798, 0.08853851, 0.0141598
0.71300393, -0.66454053, -0.2235786
0.88050705, 0.51470369
-0.00737543, 0.08468967, 0.02400274
0.67287207, -0.54997408, -0.49470505
0.88050246, 0.49060524
-0.00738647, 0.08636152, 0.02144992
0.67467266, -0.66823328, -0.31342509
0.88050908, 0.49686933
0.0044641, 0.08205409, 0.02038471
-0.72707295, 0.58037049, 0.36674094
0.33574069, 0.23903167
0.00447952, 0.08468967, 0.02395149
-0.67711419, -0.54997408, -0.48887601
0.32493767, 0.2396186
-0.00738143, 0.080387, 0.02261592
0.76241338, 0.41624194, 0.49537644
0.90939486, 0.20250827
0.0044641, 0.08205409, 0.02038471
-0.72707295, 0.58037049, 0.36674094
0.88047582, 0.2078523
-0.00737543, 0.08468967, 0.02400274
0.67287207, -0.54997408, -0.49470505
0.02605608, 0.2309013
-0.00739085, 0.08205409, 0.02043596
0.73021638, 0.58037049, 0.36045411
0.03685908, 0.23148817
0.00447952, 0.08468967, 0.02395149
-0.67711419, -0.54997408, -0.48887601
0.20003261, 0.13645917
-0.00736803, 0.08262078, 0.025715
0.70278025, -0.44734031, -0.55308694
0.22888784, 0.14115602
-0.00737543, 0.08468967, 0.02400274
0.67287207, -0.54997408, -0.49470505
0.22894971, 0.13641375
0.00447352, 0.080387, 0.02256467
-0.75811028, 0.41624194, 0.50196844
0.33353448, 0.23270905
0.00448692, 0.08262078, 0.02566375
-0.70754111, -0.44734031, -0.54701376
0.32422343, 0.23310435
-0.00738143, 0.080387, 0.02261592
0.76241338, 0.41624194, 0.49537644
0.52783138, 0.20338386
0.00447741, 0.07862958, 0.02346432
-0.72881252, 0.24503312, 0.63933223
0.49889389, 0.19909096
0.00447352, 0.080387, 0.02256467
-0.75811028, 0.41624194, 0.50196844
0.49891174, 0.20338917
-0.00736803, 0.08262078, 0.025715
0.70278025, -0.44734031, -0.55308694
0.02534184, 0.23741549
-0.00738143, 0.080387, 0.02261592
0.76241338, 0.41624194, 0.49537644
0.03465292, 0.23781085
0.00449993, 0.07490182, 0.02867362
-0.70833462, -0.05432295, -0.70372629
0.19986683, 0.15947425
-0.00735664, 0.07932442, 0.02834929
0.64412367, -0.28238776, -0.71086764
0.22879279, 0.14872801
0.00449831, 0.07932442, 0.02829804
-0.65022737, -0.28238776, -0.70528275
0.19987568, 0.14877337
0.00448062, 0.07586728, 0.02420556
-0.72704244, 0.11114841, 0.6774804
0.33625284, 0.221295
0.00449993, 0.07490182, 0.02867362
-0.70833462, -0.05432295, -0.70372629
0.32844308, 0.21333271
0.00449831, 0.07932442, 0.02829804
-0.65022737, -0.28238776, -0.70528275
0.3232767, 0.22285116
-0.00737355, 0.07308277, 0.02443697
0.70397043, 0.06570635, 0.70714438
0.52779388, 0.18554038
0.00448062, 0.07586728, 0.02420556
-0.72704244, 0.11114841, 0.6774804
0.49887869, 0.19234234
-0.00737433, 0.07586728, 0.02425681
0.73287147, 0.11114841, 0.67116308
0.52779835, 0.19233704
-0.00735502, 0.07490182, 0.02872486
0.70223093, -0.05432295, -0.70982999
0.02956153, 0.25718719
-0.00737433, 0.07586728, 0.02425681
0.73287147, 0.11114841, 0.67116308
0.03737125, 0.24922484
-0.00735664, 0.07932442, 0.02834929
0.64412367, -0.28238776, -0.71086764
0.0243951, 0.24766868
-0.00737754, 0.07862958, 0.02351557
0.73430586, 0.24503312, 0.63301492
0.03517679, 0.24260002
-0.00737754, 0.07862958, 0.02351557
0.73430586, 0.24503312, 0.63301492
0.52781355, 0.19908565
0.00447741, 0.07862958, 0.02346432
-0.72881252, 0.24503312, 0.63933223
0.33405837, 0.22791988
0.00448692, 0.08262078, 0.02566375
-0.70754111, -0.44734031, -0.54701376
0.19997074, 0.14120144
0.00450093, 0.06171433, 0.02890388
-0.69716483, 0.06671346, -0.71376687
0.19987385, 0.19153541
-0.00735305, 0.06830638, 0.02917902
0.6926176, -0.01248207, -0.72118288
0.22877471, 0.17540544
0.00450189, 0.06830638, 0.02912777
-0.69881284, -0.01248207, -0.71517074
0.19985761, 0.1754508
0.00448461, 0.06692095, 0.02512852
-0.71660513, 0.04525895, 0.69597459
0.3463712, 0.20182133
0.00450093, 0.06171433, 0.02890388
-0.69716483, 0.06671346, -0.71376687
0.34566137, 0.18614364
0.00450189, 0.06830638, 0.02912777
-0.69881284, -0.01248207, -0.71517074
0.33636367, 0.19927984
-0.00737006, 0.0607623, 0.02524436
0.72460097, -0.03656118, 0.68816185
0.52777398, 0.15546733
0.00448461, 0.06692095, 0.02512852
-0.71660513, 0.04525895, 0.69597459
0.4988578, 0.17050159
-0.00737034, 0.06692095, 0.02517977
0.72261727, 0.04525895, 0.68974882
0.52777743, 0.17049628
-0.00735402, 0.06171433, 0.02895513
0.69096959, 0.06671346, -0.7197485
0.0467798, 0.28437626
-0.00737034, 0.06692095, 0.02517977
0.72261727, 0.04525895, 0.68974882
0.04748963, 0.26869851
-0.00735305, 0.06830638, 0.02917902
0.6926176, -0.01248207, -0.72118288
0.03748209, 0.27124
-0.00735402, 0.06171433, 0.02895513
0.69096959, 0.06671346, -0.7197485
0.22879095, 0.19148999
0.00448488, 0.0607623, 0.02519311
-0.71861935, -0.03656118, 0.69438767
0.35449979, 0.18918151
0.00448488, 0.0607623, 0.02519311
-0.71861935, -0.03656118, 0.69438767
0.49885434, 0.15547264
-0.00737006, 0.0607623, 0.02524436
0.72460097, -0.03656118, 0.68816185
0.05561822, 0.28133839
-0.00737355, 0.07308277, 0.02443697
0.70397043, 0.06570635, 0.70714438
0.04073879, 0.25514227
0.00448139, 0.07308277, 0.02438573
-0.69783622, 0.06570635, 0.71318704
0.49887425, 0.18554568
0.00448139, 0.07308277, 0.02438573
-0.69783622, 0.06570635, 0.71318704
0.33962038, 0.21537757
-0.00735502, 0.07490182, 0.02872486
0.70223093, -0.05432295, -0.70982999
0.22878394, 0.15942895
0.00122387, 0.05503727, 0.00160291
0.62871182, -0.25464645, -0.7347331
0.88528669, 0.71935961
0.00124172, 0.05963022, 0.00573195
0.8253426, 0.43534654, 0.359447
0.89640689, 0.70919088
0.0012405, 0.0506314, 0.00544925
0.57164222, -0.82039857, -0.01208533
0.8744607, 0.71006367
0.00122652, 0.06775407, 0.0022156
0.5396893, 0.82778406, -0.15311137
0.9650861, 0.71932435
-0.00307023, 0.05963022, 0.00575059
-0.82222968, 0.43534654, 0.36655781
0.97560489, 0.69949752
0.00124172, 0.05963022, 0.00573195
0.8253426, 0.43534654, 0.359447
0.9650861, 0.69946223
-0.00307023, 0.05963022, 0.00575059
-0.82222968, 0.43534654, 0.36655781
0.90242058, 0.30112934
-0.00308808, 0.05503727, 0.00162155
-0.63502914, -0.25464645, -0.72927028
0.89130032, 0.29096061
-0.00307146, 0.0506314, 0.00546789
-0.57170326, -0.82039857, -0.00714133
0.88047433, 0.30025661
-0.00307146, 0.0506314, 0.00546789
-0.57170326, -0.82039857, -0.00714133
0.57673609, 0.47961253
0.00122387, 0.05503727, 0.00160291
0.62871182, -0.25464645, -0.7347331
0.58713943, 0.48963523
0.0012405, 0.0506314, 0.00544925
0.57164222, -0.82039857, -0.01208533
0.58725393, 0.47957015
-0.00300928, 0.06790083, 0.01985104
-0.55339211, 0.66563922, 0.50062561
0.96485072, 0.81655951
0.00130107, 0.06441922, 0.0194609
0.68599504, -0.15768914, 0.71028781
0.95432192, 0.80808936
0.00130268, 0.06790083, 0.0198324
0.55769527, 0.66563922, 0.49583423
0.95433193, 0.81658112
-0.00308544, 0.06775407, 0.00223424
-0.54100162, 0.82778406, -0.14844203
0.57673609, 0.52073738
-0.00308808, 0.05503727, 0.00162155
-0.63502914, -0.25464645, -0.72927028
0.57662159, 0.48967761
-0.00301999, 0.05824781, 0.01737321
-0.64241463, -0.45341349, 0.61778617
0.96485072, 0.79303126
-0.00301089, 0.06441922, 0.01947954
-0.67983031, -0.15768914, 0.71617788
0.96484077, 0.80806778
-0.00303286, 0.05608194, 0.01439688
-0.67513049, -0.65059358, 0.34769738
0.95432192, 0.8726203
0.00129197, 0.05824781, 0.01735457
0.64772487, -0.45341349, 0.61220127
0.96484679, 0.86538535
-0.00301999, 0.05824781, 0.01737321
-0.64241463, -0.45341349, 0.61778617
0.9543277, 0.86540277
0.00126623, 0.05501044, 0.01140191
0.70998263, -0.66158026, 0.2412183
0.96484411, 0.87984324
0.0012791, 0.05608194, 0.01437824
0.67812127, -0.65059358, 0.34183782
0.96484101, 0.87260289
-0.00305859, 0.05388355, 0.00844422
-0.76158941, -0.53483689, 0.36591694
0.9543277, 0.88709983
-0.00304572, 0.05501044, 0.01142055
-0.7078768, -0.66158026, 0.24735253
0.95432502, 0.87986063
-0.00305859, 0.05388355, 0.00844422
-0.76158941, -0.53483689, 0.36591694
0.40098658, 0.03679264
0.0012405, 0.0506314, 0.00544925
0.57164222, -0.82039857, -0.01208533
0.40888777, 0.02632803
0.00125337, 0.05388355, 0.00842557
0.76473284, -0.53483689, 0.35929441
0.40098658, 0.02627075
-0.00301857, 0.06701194, 0.01770089
-0.64391005, 0.5778985, -0.50135809
0.92018485, 0.33043963
-0.00301089, 0.06441922, 0.01947954
-0.67983031, -0.15768914, 0.71617788
0.91382402, 0.33472699
-0.00300928, 0.06790083, 0.01985104
-0.55339211, 0.66563922, 0.50062561
0.92230958, 0.33570427
-0.00303171, 0.06180431, 0.01466264
-0.7824946, 0.46140933, -0.41801202
0.907543, 0.32292002
-0.00301999, 0.05824781, 0.01737321
-0.64241463, -0.45341349, 0.61778617
0.89881212, 0.32946187
-0.00304484, 0.060383, 0.0116244
-0.70873135, 0.64061403, -0.29541916
0.90413755, 0.31547743
-0.00303286, 0.05608194, 0.01439688
-0.67513049, -0.65059358, 0.34769738
0.89358914, 0.32215524
-0.00305798, 0.05897295, 0.00858615
-0.78835416, 0.61223179, -0.06009094
0.90075958, 0.30803508
-0.00304572, 0.05501044, 0.01142055
-0.7078768, -0.66158026, 0.24735253
0.89103574, 0.31487083
-0.00305859, 0.05388355, 0.00844422
-0.76158941, -0.53483689, 0.36591694
0.88834727, 0.3075853
0.00129338, 0.06701194, 0.01768225
0.63954586, 0.5778985, -0.50691247
0.3232767, 0.02440208
-0.00300928, 0.06790083, 0.01985104
-0.55339211, 0.66563922, 0.50062561
0.32850644, 0.03492552
0.00130268, 0.06790083, 0.0198324
0.55769527, 0.66563922, 0.49583423
0.32850644, 0.02440333
0.00129338, 0.06701194, 0.01768225
0.63954586, 0.5778985, -0.50691247
0.03108876, 0.02673519
-0.00303171, 0.06180431, 0.01466264
-0.7824946, 0.46140933, -0.41801202
0.04160639, 0.04001272
-0.00301857, 0.06701194, 0.01770089
-0.64391005, 0.5778985, -0.50135809
0.04160639, 0.02681464
0.00128025, 0.06180431, 0.014644
0.77886289, 0.46140933, -0.42475662
0.95822155, 0.52403581
-0.00304484, 0.060383, 0.0116244
-0.70873135, 0.64061403, -0.29541916
0.96873975, 0.53142339
-0.00303171, 0.06180431, 0.01466264
-0.7824946, 0.46140933, -0.41801202
0.9687407, 0.52403429
0.00126712, 0.060383, 0.01160576
0.7061373, 0.64061403, -0.3015534
0.9582206, 0.53142491
-0.00305798, 0.05897295, 0.00858615
-0.78835416, 0.61223179, -0.06009094
0.96873885, 0.5388127
0.00124172, 0.05963022, 0.00573195
0.8253426, 0.43534654, 0.359447
0.95822155, 0.5457449
0.00125398, 0.05897295, 0.00856751
0.78780478, 0.61223179, -0.06689657
0.95821965, 0.53881422
0.00130107, 0.06441922, 0.0194609
0.68599504, -0.15768914, 0.71028781
0.90781033, 0.67559323
0.00129338, 0.06701194, 0.01768225
0.63954586, 0.5778985, -0.50691247
0.91417122, 0.67988062
0.00130268, 0.06790083, 0.0198324
0.55769527, 0.66563922, 0.49583423
0.91629595, 0.67461595
0.00129197, 0.05824781, 0.01735457
0.64772487, -0.45341349, 0.61220127
0.89279842, 0.68085837
0.00128025, 0.06180431, 0.014644
0.77886289, 0.46140933, -0.42475662
0.90152937, 0.68740019
0.0012791, 0.05608194, 0.01437824
0.67812127, -0.65059358, 0.34183782
0.88757545, 0.68816504
0.00126712, 0.060383, 0.01160576
0.7061373, 0.64061403, -0.3015534
0.89812392, 0.69484279
0.00126623, 0.05501044, 0.01140191
0.70998263, -0.66158026, 0.2412183
0.8850221, 0.69544941
0.00125398, 0.05897295, 0.00856751
0.78780478, 0.61223179, -0.06689657
0.89474595, 0.70228514
0.00125337, 0.05388355, 0.00842557
0.76473284, -0.53483689, 0.35929441
0.88233364, 0.70273495
0.00246452, 0.1598025, -0.03317146
0.31131932, -0.68654442, -0.65703297
0.74581021, 0.27744168
0.00438521, 0.26975834, -0.03206795
0.45057526, 0.68330944, -0.57448041
0.74982578, 0.54529014
0.00409962, 0.15977398, -0.03215943
0.43321025, -0.68779564, -0.58241522
0.74982578, 0.27755338
0.00579144, 0.26973179, -0.03075632
0.55421615, 0.68224126, -0.47679067
0.75329101, 0.54545704
0.00550585, 0.15974736, -0.0308478
0.53819394, -0.68898588, -0.48536637
0.75329101, 0.27772003
0.00550585, 0.15974736, -0.0308478
0.53819394, -0.68898588, -0.48536637
0.19517091, 0.27322477
0.00691479, 0.26970816, -0.02919551
0.63682973, 0.68120366, -0.36106449
0.19897699, 0.54155633
0.00662919, 0.15972374, -0.02928699
0.62230295, -0.69002348, -0.36954862
0.19897699, 0.27317083
0.00771205, 0.2696884, -0.0274455
0.69533372, 0.68037963, -0.23142186
0.20324509, 0.54151201
0.00742646, 0.159704, -0.02753696
0.68214971, -0.69087803, -0.23938718
0.20324513, 0.27312654
0.00815261, 0.26967326, -0.02557352
0.72753072, 0.67970824, -0.09305093
0.20781121, 0.54147902
0.00786701, 0.15968883, -0.025665
0.71532333, -0.69157994, -0.09997864
0.20781122, 0.27309352
0.00821952, 0.26966333, -0.02365155
0.73220009, 0.679281, 0.04882962
0.21249981, 0.54145879
0.00793393, 0.15967892, -0.02374302
0.72060305, -0.69197667, 0.04324473
0.21249984, 0.27307332
0.00791023, 0.26965895, -0.02175342
0.70931119, 0.67906737, 0.18900113
0.21713077, 0.54145187
0.00762464, 0.15967456, -0.02184489
0.69759208, -0.69222081, 0.18482009
0.21713077, 0.27306634
0.00695103, 0.15967596, -0.02004355
0.64729756, -0.69215977, 0.31916258
0.2215261, 0.27307308
0.00723661, 0.26966035, -0.01995208
0.65959656, 0.67912841, 0.32193977
0.22152607, 0.54145858
0.00593897, 0.15968308, -0.01840823
0.57173377, -0.69182408, 0.44096196
0.22551687, 0.27309334
0.00622455, 0.26966748, -0.01831676
0.58503985, 0.6794641, 0.44273201
0.22551683, 0.54147878
0.00462737, 0.1596956, -0.01700177
0.4737083, -0.69127476, 0.54557937
0.22894974, 0.27312607
0.00491296, 0.26968002, -0.0169103
0.4883877, 0.68001342, 0.54683065
0.63692147, 0.54532185
0.00306662, 0.15971309, -0.01587822
0.35718864, -0.69051182, 0.62892544
0.64071935, 0.2769599
0.00462737, 0.1596956, -0.01700177
0.4737083, -0.69127476, 0.54557937
0.63692147, 0.27693933
0.00335222, 0.26969749, -0.01578674
0.3733024, 0.68071538, 0.63023776
0.64071935, 0.54534236
0.00131672, 0.15973486, -0.01508076
0.22669148, -0.68956572, 0.68779564
0.64498144, 0.27699316
0.00160231, 0.26971924, -0.01498929
0.24411756, 0.68172246, 0.68965727
0.64498144, 0.54537559
-0.0005551, 0.15976006, -0.01464003
0.08728294, -0.68840599, 0.72002321
0.64954412, 0.27703792
-0.00026951, 0.26974443, -0.01454857
0.10574663, 0.68282115, 0.72286141
0.64954412, 0.54542032
-0.0024769, 0.15978771, -0.01457298
-0.05554369, -0.68721581, 0.72429579
0.65423191, 0.2770924
-0.00219131, 0.26977211, -0.01448151
-0.03656118, 0.68401134, 0.72853786
0.65423191, 0.54547495
-0.00437483, 0.15981677, -0.01488218
-0.19638661, -0.68593401, 0.70061344
0.6588648, 0.27715456
-0.00408924, 0.2698012, -0.01479071
-0.17740409, 0.68529314, 0.70632041
0.65886468, 0.54553705
-0.00617595, 0.15984614, -0.01555573
-0.3297525, -0.68465227, 0.64998323
0.66326451, 0.27722204
-0.00589036, 0.26983052, -0.01546426
-0.31134984, 0.68654442, 0.65700245
0.66326451, 0.54560453
-0.00781105, 0.15987468, -0.01656778
-0.45054474, -0.68340099, 0.57438886
0.66726226, 0.27729225
-0.00752545, 0.26985905, -0.0164763
-0.43321025, 0.68776512, 0.58244574
0.66726226, 0.54567471
-0.00921729, 0.15990125, -0.0178794
-0.55421615, -0.68224126, 0.47679067
0.67070425, 0.27736235
-0.00893169, 0.26988566, -0.01778793
-0.53822446, 0.68898588, 0.48536637
0.4940525, 0.52057889
-0.01034062, 0.15992486, -0.01944022
-0.63682973, -0.68123418, 0.36097294
0.49785861, 0.25224733
-0.00921729, 0.15990125, -0.0178794
-0.55421615, -0.68224126, 0.47679067
0.4940525, 0.25219339
-0.01005503, 0.26990926, -0.01934875
-0.62233347, 0.68999296, 0.3695181
0.49785861, 0.5206328
-0.01113788, 0.15994464, -0.02119024
-0.69533372, -0.68034911, 0.23142186
0.50212675, 0.25229168
-0.01085229, 0.26992905, -0.02109877
-0.68211919, 0.69090855, 0.2394177
0.50212675, 0.52067715
-0.01157845, 0.15995979, -0.0230622
-0.72753072, -0.67970824, 0.09305093
0.50669283, 0.2523247
-0.01129285, 0.26994419, -0.02297073
-0.71532333, 0.69154942, 0.10000916
0.50669283, 0.52071017
-0.01164536, 0.1599697, -0.02498419
-0.73220009, -0.67931151, -0.04886013
0.51138145, 0.25234491
-0.01135977, 0.26995414, -0.02489271
-0.72054201, 0.6920377, -0.04324473
0.51138145, 0.52073053
-0.01133606, 0.15997405, -0.02688232
-0.70928067, -0.67909789, -0.18894009
0.51601237, 0.25235182
-0.01037686, 0.26995707, -0.02859218
-0.64732808, 0.69215977, -0.31916258
0.52040774, 0.52073053
-0.01066244, 0.15997267, -0.02868365
-0.65959656, -0.67915893, -0.32193977
0.52040768, 0.25234509
-0.00936479, 0.26994994, -0.0302275
-0.57173377, 0.69182408, -0.44096196
0.52439851, 0.52071023
-0.00965039, 0.15996554, -0.03031898
-0.58500934, -0.6794641, -0.44276252
0.52439851, 0.25232488
-0.00805319, 0.26993743, -0.03163397
-0.47373882, 0.69127476, -0.54557937
0.52783138, 0.52067751
-0.00833878, 0.15995301, -0.03172544
-0.4883877, -0.68001342, -0.54683065
0.52783138, 0.25229198
-0.00833878, 0.15995301, -0.03172544
-0.4883877, -0.68001342, -0.54683065
0.71949446, 0.27800792
-0.00649245, 0.26991993, -0.03275751
-0.35718864, 0.69048131, -0.62895596
0.72327197, 0.54551646
-0.00677804, 0.15993553, -0.03284898
-0.3733024, -0.68077642, -0.63020724
0.72327203, 0.27777952
-0.00474255, 0.26989818, -0.03355497
-0.22669148, 0.68956572, -0.68779564
0.72751963, 0.54533443
-0.00502814, 0.15991378, -0.03364643
-0.24411756, -0.68169194, -0.68965727
0.72751963, 0.27759755
-0.00287072, 0.26987296, -0.0339957
-0.08731346, 0.68849754, -0.71993166
0.73207414, 0.54520571
-0.00315632, 0.1598886, -0.03408717
-0.10574663, -0.68276012, -0.72289193
0.7320742, 0.27746898
-0.00094892, 0.26984531, -0.03406274
0.05554369, 0.68721581, -0.72429579
0.7367605, 0.54513562
-0.00123451, 0.15986091, -0.03415422
0.03656118, -0.68404186, -0.72850734
0.73676056, 0.27739865
-0.00893169, 0.26988566, -0.01778793
-0.53822446, 0.68898588, 0.48536637
0.81461674, 0.10721159
0.00491296, 0.26968002, -0.0169103
0.4883877, 0.68001342, 0.54683065
0.80479193, 0.13960582
0.00579144, 0.26973179, -0.03075632
0.55421615, 0.68224126, -0.47679067
0.8371802, 0.14943284
0.00094901, 0.26981622, -0.03375354
0.19638661, 0.68587297, -0.70067447
0.74139863, 0.54512629
0.00066341, 0.15983185, -0.03384502
0.17740409, -0.68526262, -0.70632041
0.74139863, 0.27738953
0.00275011, 0.26978689, -0.03307999
0.32972199, 0.68465227, -0.64998323
0.74581021, 0.54517865
-0.00437483, 0.15981677, -0.01488218
-0.19638661, -0.68593401, 0.70061344
0.0436223, 0.09152842
-0.01133606, 0.15997405, -0.02688232
-0.70928067, -0.67909789, -0.18894009
0.03379899, 0.12392592
0.00066341, 0.15983185, -0.03384502
0.17740409, -0.68526262, -0.70632041
0.06618188, 0.13375384
0.0046601, 0.15228224, -0.03543233
0.57432783, 0.57481611, -0.58284247
0.50815648, 0.57098293
-0.00812329, 0.15228224, -0.03537707
-0.57933289, 0.57481611, -0.57786798
0.87434578, 0.90794013
-0.00802126, -0.01406967, -0.01177622
-0.56578267, -0.63631094, 0.524369
0.55694669, 0.97559788
0.00464522, -0.00921361, -0.03887326
0.57457197, -0.46879482, -0.67085785
0.9055317, 0.85913576
0.00464522, -0.00921361, -0.03887326
0.57457197, -0.46879482, -0.67085785
0.75329101, 0.081433
-0.00813074, 0.00064611, -0.037101
-0.61830503, 0.48176518, -0.6209296
0.38764617, 0.6041266
0.0046605, 0.14252234, -0.03533849
0.59923095, -0.44367808, -0.66634113
0.96276271, 0.2109558
-0.00801856, 0.14148162, -0.01114988
-0.87426376, -0.30036318, 0.38132876
0.58504325, 0.43076593
-0.00800343, 0.15228224, -0.00765044
-0.57460248, 0.57628101, 0.58110297
0.66651773, 0.05383271
0.0046601, 0.15228224, -0.03543233
0.57432783, 0.57481611, -0.58284247
0.52258867, 0.04546881
-0.00812329, 0.15228224, -0.03537707
-0.57933289, 0.57481611, -0.57786798
0.39132148, 0.97415649
0.00465265, 0.00064611, -0.03715626
0.61293375, 0.48176518, -0.62623984
0.5044812, 0.94101287
-0.00811992, 0.00659256, -0.03459859
-0.61851865, 0.43397319, -0.65501875
0.38185191, 0.61876401
0.00466132, 0.0015605, -0.03515001
0.83639026, 0.3170568, -0.44709617
0.44526231, 0.20735806
-0.00802105, -0.0019589, -0.01172746
-0.70403147, -0.00283822, 0.71013522
0.55694669, 0.94604584
0.00466132, 0.0015605, -0.03515001
0.83639026, 0.3170568, -0.44709617
0.9543215, 0.9755966
-0.00801856, 0.14148162, -0.01114988
-0.87426376, -0.30036318, 0.38132876
0.55694675, 0.59603035
0.00466912, 0.00731142, -0.03334589
0.83947265, 0.27478865, -0.46873379
0.74681163, 0.64839196
0.00466346, 0.00659256, -0.03465385
0.6128422, 0.43397319, -0.66032898
0.49868691, 0.92637547
0.00466346, 0.00659256, -0.03465385
0.6128422, 0.43397319, -0.66032898
0.96240145, 0.42230207
-0.00160229, 0.16069402, -0.01840488
0.00314341, 0.684286, 0.72917873
0.13750385, 0.07047051
-0.00572159, 0.16069673, -0.02009032
-0.51255834, 0.68468279, 0.5180822
0.97042167, 0.59580991
-0.00575714, 0.16070983, -0.02831419
-0.51683098, 0.68666649, -0.51121557
0.59143895, 0.05625534
0.00246674, 0.16070983, -0.02834974
0.51234472, 0.68666649, -0.51570177
0.57137889, 0.05627632
0.00482336, 0.04025348, 0.02937072
0.58384961, 0.77105016, -0.25400555
0.7236982, 0.13027537
-0.00708428, -0.01318554, 0.08139758
-0.58119452, -0.58763391, 0.56291389
0.66651773, 0.13383049
0.00472335, 0.00159275, 0.00623681
0.56553853, -0.2674337, -0.78011411
0.83171231, 0.5457449
0.00250228, 0.16069673, -0.02012587
0.51701409, 0.68468279, 0.51368755
0.80208123, 0.03552824
-0.00740897, 0.00159275, 0.00628926
-0.57228309, -0.2674337, -0.77520066
0.04172657, 0.3549276
-0.00730896, 0.04025348, 0.02942317
-0.58604693, 0.77105016, -0.24893948
0.83168417, 0.33570427
-0.00273725, 0.1606942, -0.01851171
-0.13892025, 0.68431652, 0.71581161
0.9251346, 0.14471114
-0.00160229, 0.16069402, -0.01840488
0.00314341, 0.684286, 0.72917873
0.92619878, 0.1421411
-0.0004683, 0.1606942, -0.01852152
0.14511551, 0.68434703, 0.71452987
0.92674136, 0.13941276
0.00062115, 0.16069472, -0.01885715
0.28150272, 0.68437755, 0.67253637
0.92674136, 0.13663095
0.00162419, 0.1606956, -0.01939887
0.40702537, 0.68453014, 0.60472429
0.92619884, 0.13390261
0.00250228, 0.16069673, -0.02012587
0.51701409, 0.68468279, 0.51368755
0.9251346, 0.13133258
0.00322166, 0.16069815, -0.0210102
0.60704368, 0.68489641, 0.40293589
0.92358959, 0.12901962
0.00375469, 0.16069975, -0.02201789
0.67372662, 0.68514055, 0.27677235
0.92162317, 0.12705261
0.00408089, 0.16070148, -0.0231102
0.71452987, 0.68541521, 0.14001893
0.91931093, 0.12550712
0.00373545, 0.16070682, -0.02646861
0.6711936, 0.68620867, -0.28028199
0.91123319, 0.12389994
0.00418773, 0.16070329, -0.02424517
0.72786647, 0.68568987, -0.0019837
0.91674161, 0.12444258
0.00407109, 0.16070509, -0.02537916
0.71321756, 0.68596452, -0.14398633
0.91401416, 0.12389988
0.00319374, 0.16070844, -0.02747165
0.60332042, 0.68651384, -0.40574357
0.90850562, 0.12444264
0.00246674, 0.16070983, -0.02834974
0.51234472, 0.68666649, -0.51570177
0.90593636, 0.12550718
0.0015824, 0.16071098, -0.02906911
0.40168461, 0.68684959, -0.60567033
0.90362412, 0.12705266
0.00057471, 0.16071184, -0.02960215
0.27555162, 0.68697166, -0.67238379
0.9016577, 0.12901968
-0.0005176, 0.16071236, -0.02992835
0.13885921, 0.68700218, -0.71324807
0.90011263, 0.1313327
-0.00165256, 0.16071254, -0.03003518
-0.00311289, 0.68709373, -0.72655416
0.89904839, 0.13390273
-0.00278656, 0.16071236, -0.02991854
-0.14502396, 0.68706322, -0.71196634
0.89850587, 0.13663107
-0.00487906, 0.16071098, -0.02904118
-0.4069033, 0.68681908, -0.60222173
0.89904839, 0.14214122
-0.00575714, 0.16070983, -0.02831419
-0.51683098, 0.68666649, -0.51121557
0.90011263, 0.14471126
-0.00647652, 0.16070844, -0.02742985
-0.60683006, 0.68648332, -0.40055543
0.90165764, 0.14702421
-0.00733576, 0.16070509, -0.02532985
-0.71443832, 0.68596452, -0.13779107
0.90593636, 0.15053672
-0.00744259, 0.16070329, -0.0241949
-0.72786647, 0.68568987, 0.00424207
0.90850562, 0.15160125
-0.00732595, 0.16070148, -0.0230609
-0.71330911, 0.68541521, 0.14618365
0.91123313, 0.15214396
-0.00699032, 0.16069975, -0.02197145
-0.67131567, 0.68514055, 0.28260139
0.9140141, 0.15214396
-0.00644859, 0.16069815, -0.02096841
-0.60353404, 0.68489641, 0.40818506
0.91674161, 0.1516012
-0.00572159, 0.16069673, -0.02009032
-0.51255834, 0.68468279, 0.5180822
0.91931087, 0.15053666
-0.00483726, 0.1606956, -0.01937095
-0.40177616, 0.68453014, 0.60823387
0.92162317, 0.14899117
0.00472335, 0.00159275, 0.00623681
0.56553853, -0.2674337, -0.78011411
0.34060815, 0.52073738
-0.00160237, 0.15243454, -0.0184234
0.00311289, -0.68709373, 0.72655416
0.21809359, 0.05990899
-0.00273733, 0.15243472, -0.01853023
-0.13885921, -0.68706322, 0.71318704
0.21536604, 0.05936635
-0.00382965, 0.15243526, -0.01885643
-0.27558213, -0.68700218, 0.67232275
0.21258505, 0.05936629
-0.00483734, 0.15243611, -0.01938946
-0.40168461, -0.68684959, 0.60567033
0.20985749, 0.05990905
-0.00572167, 0.15243727, -0.02010884
-0.51237524, -0.68666649, 0.51567125
0.20728818, 0.06097358
-0.00644867, 0.15243867, -0.02098693
-0.60335094, -0.68645281, 0.40580463
0.20497587, 0.06251907
-0.0069904, 0.15244026, -0.02198996
-0.6711936, -0.68620867, 0.28025147
0.20300943, 0.06448603
-0.00732603, 0.15244199, -0.02307942
-0.71321756, -0.68596452, 0.14395581
0.20146438, 0.06679899
-0.00744267, 0.15244381, -0.02421341
-0.72786647, -0.68565935, 0.0019837
0.20040016, 0.06936896
-0.0064766, 0.15244895, -0.02744837
-0.60704368, -0.68489641, -0.40293589
0.20040016, 0.07760721
-0.00733584, 0.15244561, -0.02534837
-0.71452987, -0.68541521, -0.13998841
0.19985761, 0.07209724
-0.00700964, 0.15244736, -0.02644069
-0.67375714, -0.68514055, -0.27677235
0.19985761, 0.07487893
-0.00575722, 0.15245035, -0.02833271
-0.51698357, -0.68474382, -0.51362652
0.2014644, 0.08017713
-0.00487914, 0.15245152, -0.0290597
-0.40711692, -0.68449962, -0.60469377
0.20300946, 0.08249003
-0.0038761, 0.15245235, -0.02960143
-0.28150272, -0.68440807, -0.67253637
0.20497592, 0.08445698
-0.00165264, 0.15245306, -0.0300537
-0.00314341, -0.68425548, -0.72920924
0.20985755, 0.08706689
0.00158232, 0.15245152, -0.02908763
0.4018372, -0.68453014, -0.60820335
0.21809365, 0.08706677
-0.00051768, 0.15245289, -0.02994687
0.13892025, -0.68431652, -0.71578109
0.21258509, 0.08760953
0.00057463, 0.15245235, -0.02962067
0.27564317, -0.68440807, -0.67494738
0.21536608, 0.08760953
0.00246666, 0.15245035, -0.02836825
0.51252782, -0.6847133, -0.51814324
0.22066295, 0.08600229
0.00319366, 0.15244895, -0.02749017
0.60353404, -0.68492693, -0.40815455
0.22297525, 0.0844568
0.00373537, 0.15244736, -0.02648713
0.67131567, -0.68514055, -0.28257087
0.2249417, 0.08248979
0.00407101, 0.15244561, -0.02539768
0.71330911, -0.68541521, -0.14621417
0.22648676, 0.08017683
0.00418765, 0.15244381, -0.02426368
0.72789699, -0.68565935, -0.00424207
0.22755098, 0.07760686
0.00408081, 0.15244199, -0.02312872
0.71443832, -0.68596452, 0.13776055
0.2280935, 0.07487863
0.00375461, 0.15244026, -0.02203641
0.67360455, -0.68620867, 0.27445295
0.2280935, 0.07209688
0.0025022, 0.15243727, -0.02014439
0.51683098, -0.68669701, 0.51118505
0.22648671, 0.06679869
0.00162411, 0.15243611, -0.01941739
0.40687278, -0.68681908, 0.60225224
0.22494167, 0.06448579
0.00062107, 0.15243526, -0.01887567
0.28141117, -0.68700218, 0.6699118
0.22297519, 0.06251884
-0.00712411, -0.0184188, 0.07218292
-0.62666708, -0.64079714, 0.44340342
0.13974246, 0.14896679
0.00502201, -0.01338838, 0.07532307
0.82985932, -0.48585469, 0.27423933
0.12750557, 0.30612123
0.00453794, 0.14246832, -0.01178598
0.57484663, 0.57734919, -0.57982117
0.12504572, 0.59041458
0.00453794, 0.14246832, -0.01178598
0.57484663, 0.57734919, -0.57982117
0.42764798, 0.11558443
-0.00772739, 0.00354489, -0.01173296
-0.71013522, 0.0, -0.70403147
0.27448648, 0.63659522
-0.00772739, -0.01405991, -0.01173296
-0.59331036, -0.50038147, -0.63051242
0.14109701, 0.22770113
-0.00764367, 0.00181506, 0.00763259
-0.57600635, -0.45554978, 0.6787011
0.82565773, 0.60484269
0.00453794, -0.01405991, -0.01178598
0.58784753, -0.50038147, -0.63560897
0.63692147, 0.97559788
0.00457812, -0.0042509, -0.00249128
0.77388835, -0.35435042, 0.52485734
0.89856672, 0.07508743
0.00458501, 0.13669489, -0.000898
0.63487655, 0.32926419, 0.6989044
0.82555556, 0.76817764
0.00456198, -0.01537998, -0.00622573
0.58394116, -0.71071506, 0.39219338
0.8744607, 0.62573928
-0.00765707, 0.05171712, 0.00453278
-0.76271856, 0.33881649, 0.55082858
0.88050246, 0.38450849
-0.00759029, 0.04618586, 0.01998137
-0.79708242, 0.52647483, -0.29566333
0.58296651, 0.16429591
-0.00758144, 0.04864891, 0.02202839
-0.62782675, 0.69823295, -0.34385204
0.57662159, 0.35076034
-0.00756813, 0.04878469, 0.02510737
-0.59343243, 0.66902679, 0.44740134
0.82567054, 0.71926773
-0.00738404, 0.04845233, 0.022012
0.56181526, 0.47441024, 0.67766351
0.07871537, 0.30209327
0.00447091, 0.04845233, 0.02196075
-0.55595571, 0.47441024, 0.6824854
0.49891174, 0.12546915
0.00447091, 0.04845233, 0.02196075
-0.55595571, 0.47441024, 0.6824854
0.37759694, 0.16842657
-0.00737049, 0.04853808, 0.02514615
0.60087895, 0.65773493, -0.45414594
0.22894973, 0.22421676
0.00438217, 0.09225443, 0.00143199
-0.5711844, -0.58696252, 0.57371747
0.3232767, 0.11558825
-0.00737049, 0.04853808, 0.02514615
0.60087895, 0.65773493, -0.45414594
0.57662159, 0.24309677
0.00440343, 0.08502791, 0.00634971
-0.7934202, 0.53114414, -0.29718924
0.43028635, 0.28525037
0.00447952, 0.08468967, 0.02395149
-0.67711419, -0.54997408, -0.48887601
0.90942287, 0.49063623
0.00447352, 0.080387, 0.02256467
-0.75811028, 0.41624194, 0.50196844
0.88047433, 0.20250386
0.00122652, 0.06775407, 0.0022156
0.5396893, 0.82778406, -0.15311137
0.91629589, 0.71760604
-0.00308544, 0.06775407, 0.00223424
-0.54100162, 0.82778406, -0.14844203
0.97560489, 0.71935961
-0.00308544, 0.06775407, 0.00223424
-0.54100162, 0.82778406, -0.14844203
0.92230958, 0.29271418
0.00122652, 0.06775407, 0.0022156
0.5396893, 0.82778406, -0.15311137
0.58725393, 0.52069497
0.00129197, 0.05824781, 0.01735457
0.64772487, -0.45341349, 0.61220127
0.95433193, 0.79305285
0.00125337, 0.05388355, 0.00842557
0.76473284, -0.53483689, 0.35929441
0.96484679, 0.88708242
-0.00307146, 0.0506314, 0.00546789
-0.57170326, -0.82039857, -0.00714133
0.40888777, 0.03684986
-0.00301857, 0.06701194, 0.01770089
-0.64391005, 0.5778985, -0.50135809
0.3232767, 0.03492427
0.00128025, 0.06180431, 0.014644
0.77886289, 0.46140933, -0.42475662
0.03108876, 0.03993326
-0.00307023, 0.05963022, 0.00575059
-0.82222968, 0.43534654, 0.36655781
0.9687407, 0.54574341
0.00579144, 0.26973179, -0.03075632
0.55421615, 0.68224126, -0.47679067
0.19517089, 0.54161036
0.00491296, 0.26968002, -0.0169103
0.4883877, 0.68001342, 0.54683065
0.22894971, 0.54151165
-0.00893169, 0.26988566, -0.01778793
-0.53822446, 0.68898588, 0.48536637
0.67070425, 0.5457449
-0.01105047, 0.2699585, -0.02679085
-0.69756156, 0.69225132, -0.18482009
0.51601243, 0.52073738
-0.00805319, 0.26993743, -0.03163397
-0.47373882, 0.69127476, -0.54557937
0.7194944, 0.5457449
0.00438521, 0.26975834, -0.03206795
0.45057526, 0.68330944, -0.57448041
0.84108114, 0.14682585
0.00275011, 0.26978689, -0.03307999
0.32972199, 0.68465227, -0.64998323
0.84439856, 0.14350778
0.00094901, 0.26981622, -0.03375354
0.19638661, 0.68587297, -0.70067447
0.84700507, 0.13960624
-0.00094892, 0.26984531, -0.03406274
0.05554369, 0.68721581, -0.72429579
0.84880042, 0.13527095
-0.00287072, 0.26987296, -0.0339957
-0.08731346, 0.68849754, -0.71993166
0.84971571, 0.13066864
-0.00474255, 0.26989818, -0.03355497
-0.22669148, 0.68956572, -0.68779564
0.84971571, 0.12597615
-0.00649245, 0.26991993, -0.03275751
-0.35718864, 0.69048131, -0.62895596
0.84880042, 0.12137389
-0.00805319, 0.26993743, -0.03163397
-0.47373882, 0.69127476, -0.54557937
0.84700501, 0.11703855
-0.00936479, 0.26994994, -0.0302275
-0.57173377, 0.69182408, -0.44096196
0.8443985, 0.11313689
-0.01135977, 0.26995414, -0.02489271
-0.72054201, 0.6920377, -0.04324473
0.83284563, 0.105416
-0.01037686, 0.26995707, -0.02859218
-0.64732808, 0.69215977, -0.31916258
0.84108102, 0.10981876
-0.01105047, 0.2699585, -0.02679085
-0.69756156, 0.69225132, -0.18482009
0.83718014, 0.10721177
-0.01129285, 0.26994419, -0.02297073
-0.71532333, 0.69154942, 0.10000916
0.82824421, 0.10450047
-0.01085229, 0.26992905, -0.02109877
-0.68211919, 0.69090855, 0.2394177
0.82355261, 0.10450041
-0.01005503, 0.26990926, -0.01934875
-0.62233347, 0.68999296, 0.3695181
0.81895119, 0.10541588
-0.00752545, 0.26985905, -0.0164763
-0.43321025, 0.68776512, 0.58244574
0.81071579, 0.10981852
-0.00589036, 0.26983052, -0.01546426
-0.31134984, 0.68654442, 0.65700245
0.80739838, 0.11313659
-0.00408924, 0.2698012, -0.01479071
-0.17740409, 0.68529314, 0.70632041
0.80479187, 0.11703819
-0.00219131, 0.26977211, -0.01448151
-0.03656118, 0.68401134, 0.72853786
0.80299646, 0.12137347
-0.00026951, 0.26974443, -0.01454857
0.10574663, 0.68282115, 0.72286141
0.80208123, 0.12597579
0.00160231, 0.26971924, -0.01498929
0.24411756, 0.68172246, 0.68965727
0.80208123, 0.13066822
0.00335222, 0.26969749, -0.01578674
0.3733024, 0.68071538, 0.63023776
0.80299652, 0.13527054
0.00622455, 0.26966748, -0.01831676
0.58503985, 0.6794641, 0.44273201
0.80739844, 0.14350748
0.00821952, 0.26966333, -0.02365155
0.73220009, 0.679281, 0.04882962
0.81895125, 0.15122843
0.00723661, 0.26966035, -0.01995208
0.65959656, 0.67912841, 0.32193977
0.81071585, 0.14682561
0.00791023, 0.26965895, -0.02175342
0.70931119, 0.67906737, 0.18900113
0.8146168, 0.14943266
0.00815261, 0.26967326, -0.02557352
0.72753072, 0.67970824, -0.09305093
0.82355273, 0.1521439
0.00771205, 0.2696884, -0.0274455
0.69533372, 0.68037963, -0.23142186
0.82824433, 0.15214396
0.00691479, 0.26970816, -0.02919551
0.63682973, 0.68120366, -0.36106449
0.83284581, 0.15122855
0.00246452, 0.1598025, -0.03317146
0.31131932, -0.68654442, -0.65703297
0.07008211, 0.13114667
0.00409962, 0.15977398, -0.03215943
0.43321025, -0.68779564, -0.58241522
0.07339903, 0.12782824
0.00550585, 0.15974736, -0.0308478
0.53819394, -0.68898588, -0.48536637
0.0760051, 0.12392622
0.00662919, 0.15972374, -0.02928699
0.62230295, -0.69002348, -0.36954862
0.07780023, 0.11959058
0.00742646, 0.159704, -0.02753696
0.68214971, -0.69087803, -0.23938718
0.07871537, 0.11498779
0.00786701, 0.15968883, -0.025665
0.71532333, -0.69157994, -0.09997864
0.07871537, 0.11029482
0.00793393, 0.15967892, -0.02374302
0.72060305, -0.69197667, 0.04324473
0.07780026, 0.10569209
0.00762464, 0.15967456, -0.02184489
0.69759208, -0.69222081, 0.18482009
0.07600517, 0.10135633
0.00695103, 0.15967596, -0.02004355
0.64729756, -0.69215977, 0.31916258
0.0733991, 0.09745425
0.00593897, 0.15968308, -0.01840823
0.57173377, -0.69182408, 0.44096196
0.07008222, 0.09413582
0.00462737, 0.1596956, -0.01700177
0.4737083, -0.69127476, 0.54557937
0.06618197, 0.09152859
0.00306662, 0.15971309, -0.01587822
0.35718864, -0.69051182, 0.62892544
0.06184821, 0.08973265
0.00131672, 0.15973486, -0.01508076
0.22669148, -0.68956572, 0.68779564
0.05724753, 0.088817
-0.0005551, 0.15976006, -0.01464003
0.08728294, -0.68840599, 0.72002321
0.05255672, 0.088817
-0.0024769, 0.15978771, -0.01457298
-0.05554369, -0.68721581, 0.72429579
0.04795604, 0.08973253
-0.00617595, 0.15984614, -0.01555573
-0.3297525, -0.68465227, 0.64998323
0.03972201, 0.09413558
-0.00781105, 0.15987468, -0.01656778
-0.45054474, -0.68340099, 0.57438886
0.03640512, 0.09745407
-0.00921729, 0.15990125, -0.0178794
-0.55421615, -0.68224126, 0.47679067
0.03379903, 0.10135603
-0.01034062, 0.15992486, -0.01944022
-0.63682973, -0.68123418, 0.36097294
0.03200392, 0.10569167
-0.01113788, 0.15994464, -0.02119024
-0.69533372, -0.68034911, 0.23142186
0.03108879, 0.11029446
-0.01157845, 0.15995979, -0.0230622
-0.72753072, -0.67970824, 0.09305093
0.03108876, 0.11498743
-0.01164536, 0.1599697, -0.02498419
-0.73220009, -0.67931151, -0.04886013
0.0320039, 0.11959022
-0.01066244, 0.15997267, -0.02868365
-0.65959656, -0.67915893, -0.32193977
0.03640506, 0.12782794
-0.00677804, 0.15993553, -0.03284898
-0.3733024, -0.68077642, -0.63020724
0.04795596, 0.13554966
-0.00965039, 0.15996554, -0.03031898
-0.58500934, -0.6794641, -0.44276252
0.03972195, 0.13114637
-0.00833878, 0.15995301, -0.03172544
-0.4883877, -0.68001342, -0.54683065
0.04362221, 0.13375366
-0.00502814, 0.15991378, -0.03364643
-0.24411756, -0.68169194, -0.68965727
0.05255664, 0.13646525
-0.00315632, 0.1598886, -0.03408717
-0.10574663, -0.68276012, -0.72289193
0.05724744, 0.13646525
-0.00123451, 0.15986091, -0.03415422
0.03656118, -0.68404186, -0.72850734
0.06184813, 0.13554972
# Number of Faces:
736
# Face Data:
0, 1, 2
3, 4, 5
6, 7, 8
9, 10, 11
12, 13, 14
15, 16, 17
18, 19, 20
21, 22, 23
24, 25, 26
27, 28, 29
29, 30, 31
18, 32, 33
34, 17, 35
11, 36, 37
5, 38, 39
2, 40, 41
30, 2, 41
42, 18, 33
43, 44, 45
46, 47, 48
49, 50, 18
51, 2, 28
52, 53, 54
55, 56, 57
55, 58, 59
60, 61, 53
62, 63, 64
65, 66, 67
68, 55, 69
69, 57, 70
54, 15, 34
61, 15, 53
71, 72, 73
66, 6, 8
74, 75, 76
77, 78, 79
20, 80, 81
32, 81, 82
83, 31, 84
83, 27, 29
58, 83, 59
59, 84, 56
76, 65, 67
85, 86, 87
80, 60, 81
82, 60, 52
88, 89, 90
90, 91, 92
92, 93, 94
94, 95, 96
97, 98, 99
99, 100, 101
101, 102, 103
103, 104, 105
105, 106, 107
108, 109, 110
107, 111, 112
113, 114, 115
112, 116, 117
118, 119, 120
117, 121, 122
123, 124, 125
126, 127, 128
129, 109, 130
128, 131, 132
133, 134, 113
132, 135, 136
137, 138, 118
136, 139, 140
141, 142, 124
139, 143, 140
144, 145, 129
146, 147, 143
148, 149, 133
150, 151, 147
152, 153, 137
154, 155, 151
156, 157, 142
158, 159, 160
161, 162, 144
163, 164, 159
165, 166, 148
167, 168, 164
169, 170, 152
171, 172, 168
173, 174, 157
175, 176, 172
177, 178, 179
180, 181, 176
182, 183, 184
185, 186, 181
187, 188, 161
189, 190, 186
191, 192, 165
193, 194, 195
196, 197, 169
198, 199, 194
200, 201, 202
203, 204, 174
205, 206, 199
207, 88, 206
208, 209, 210
211, 125, 212
120, 213, 214
115, 215, 216
217, 110, 218
217, 219, 220
221, 215, 222
223, 213, 224
211, 225, 226
227, 225, 228
223, 229, 230
221, 231, 232
233, 234, 235
236, 237, 238
239, 231, 240
230, 241, 242
227, 243, 244
245, 246, 247
248, 249, 250
251, 252, 253
254, 255, 256
257, 258, 259
260, 261, 262
263, 262, 264
265, 257, 259
266, 251, 267
268, 247, 269
270, 271, 272
273, 274, 275
276, 277, 278
274, 279, 275
280, 281, 282
271, 283, 272
284, 285, 286
287, 288, 289
290, 291, 292
293, 294, 295
296, 290, 292
297, 284, 286
298, 247, 271
299, 251, 274
300, 301, 302
251, 303, 274
248, 304, 305
247, 306, 271
307, 286, 308
309, 292, 310
295, 311, 312
292, 313, 310
314, 315, 316
286, 317, 308
318, 319, 320
321, 322, 323
324, 325, 326
327, 328, 329
330, 326, 331
332, 333, 318
333, 334, 319
335, 336, 337
338, 339, 324
340, 341, 327
342, 324, 330
343, 344, 333
308, 334, 344
316, 345, 335
310, 346, 338
312, 347, 340
342, 310, 338
348, 308, 344
272, 349, 284
280, 350, 287
275, 351, 290
293, 277, 352
353, 275, 290
354, 272, 284
355, 356, 357
358, 359, 360
361, 362, 363
359, 364, 360
365, 366, 265
356, 367, 357
368, 318, 369
331, 370, 371
329, 372, 373
326, 374, 370
375, 376, 377
369, 320, 378
369, 379, 356
380, 381, 365
370, 382, 359
373, 383, 361
384, 370, 359
385, 369, 356
386, 387, 388
389, 390, 391
392, 393, 394
395, 396, 397
398, 399, 400
401, 402, 403
404, 405, 406
407, 408, 409
410, 411, 412
413, 414, 415
416, 417, 404
418, 419, 407
420, 421, 410
422, 423, 414
424, 425, 426
427, 428, 429
430, 431, 432
433, 434, 435
435, 423, 436
430, 437, 438
418, 429, 439
426, 440, 416
441, 442, 443
444, 445, 446
447, 448, 449
450, 451, 452
452, 453, 433
449, 431, 454
455, 446, 428
424, 442, 456
441, 457, 458
459, 460, 445
461, 462, 447
463, 464, 450
465, 466, 467
468, 469, 460
470, 471, 472
473, 474, 463
475, 476, 477
478, 479, 480
481, 482, 483
484, 485, 486
486, 487, 473
488, 482, 471
489, 480, 469
477, 466, 490
491, 492, 493
494, 495, 496
497, 498, 499
500, 501, 502
397, 503, 491
504, 394, 495
391, 505, 497
388, 506, 500
502, 507, 484
481, 498, 508
509, 496, 479
493, 510, 475
511, 512, 513
514, 515, 516
517, 518, 519
520, 521, 522
523, 524, 525
526, 521, 527
528, 524, 529
530, 531, 532
530, 533, 534
535, 533, 536
537, 538, 539
540, 541, 542
543, 544, 540
545, 546, 543
547, 548, 545
517, 549, 547
550, 551, 552
553, 554, 555
556, 557, 558
559, 560, 557
561, 560, 562
563, 564, 565
566, 567, 564
568, 569, 567
570, 571, 569
572, 512, 571
573, 574, 575
575, 576, 577
578, 579, 580
580, 581, 582
582, 583, 584
584, 585, 586
586, 587, 588
587, 589, 588
590, 591, 589
592, 593, 591
594, 595, 596
597, 598, 595
599, 600, 598
601, 602, 600
603, 604, 602
605, 606, 604
607, 608, 606
609, 610, 608
611, 612, 613
614, 615, 612
616, 617, 615
618, 619, 617
620, 621, 619
621, 622, 623
623, 624, 625
625, 626, 627
628, 629, 630
630, 631, 632
632, 633, 634
634, 635, 636
637, 638, 639
636, 640, 641
641, 642, 573
643, 644, 645
0, 646, 1
3, 647, 4
6, 648, 7
9, 649, 10
12, 650, 13
15, 651, 16
18, 50, 19
21, 652, 22
24, 653, 25
27, 51, 28
29, 28, 30
18, 20, 32
34, 15, 17
11, 10, 36
5, 4, 38
2, 1, 40
30, 28, 2
42, 49, 18
43, 654, 44
46, 655, 47
49, 656, 50
51, 0, 2
52, 60, 53
55, 59, 56
55, 657, 58
60, 658, 61
62, 659, 63
65, 660, 66
68, 657, 55
69, 55, 57
54, 53, 15
61, 651, 15
71, 661, 72
66, 660, 6
74, 662, 75
77, 663, 78
20, 19, 80
32, 20, 81
83, 29, 31
83, 664, 27
58, 664, 83
59, 83, 84
76, 75, 65
85, 665, 86
80, 658, 60
82, 81, 60
88, 666, 89
90, 89, 91
92, 91, 93
94, 93, 95
97, 667, 98
99, 98, 100
101, 100, 102
103, 102, 104
105, 104, 106
108, 130, 109
107, 106, 111
113, 134, 114
112, 111, 116
118, 138, 119
117, 116, 121
123, 141, 124
126, 668, 127
129, 145, 109
128, 127, 131
133, 149, 134
132, 131, 135
137, 153, 138
136, 135, 139
141, 156, 142
139, 146, 143
144, 162, 145
146, 150, 147
148, 166, 149
150, 154, 151
152, 170, 153
154, 669, 155
156, 173, 157
158, 163, 159
161, 188, 162
163, 167, 164
165, 192, 166
167, 171, 168
169, 197, 170
171, 175, 172
173, 203, 174
175, 180, 176
177, 670, 178
180, 185, 181
182, 671, 183
185, 189, 186
187, 672, 188
189, 673, 190
191, 674, 192
193, 198, 194
196, 675, 197
198, 205, 199
202, 676, 677
677, 678, 679
679, 680, 681
681, 682, 679
683, 684, 685
686, 687, 685
685, 688, 689
689, 690, 685
691, 692, 200
693, 694, 200
200, 695, 696
696, 697, 200
201, 698, 699
699, 700, 701
701, 702, 202
703, 704, 202
202, 677, 683
679, 682, 683
684, 686, 685
685, 690, 691
692, 693, 200
200, 697, 201
201, 699, 202
702, 703, 202
677, 679, 683
683, 685, 202
691, 200, 202
699, 701, 202
202, 685, 691
203, 705, 204
205, 207, 206
207, 666, 88
210, 706, 707
707, 708, 709
709, 710, 711
711, 712, 713
713, 714, 715
716, 717, 715
715, 718, 719
719, 720, 715
208, 721, 722
723, 724, 722
722, 725, 726
726, 727, 722
728, 729, 730
730, 731, 209
209, 732, 210
733, 734, 210
210, 707, 709
709, 711, 210
714, 716, 715
715, 720, 208
721, 723, 722
722, 727, 728
728, 730, 209
732, 733, 210
210, 711, 713
713, 715, 210
208, 722, 728
728, 209, 208
210, 715, 208
211, 123, 125
120, 119, 213
115, 114, 215
217, 108, 110
217, 218, 219
221, 216, 215
223, 214, 213
211, 212, 225
227, 226, 225
223, 224, 229
221, 222, 231
233, 735, 234
236, 736, 237
239, 232, 231
230, 229, 241
227, 228, 243
245, 737, 246
248, 738, 249
251, 739, 252
254, 740, 255
257, 741, 258
260, 742, 261
263, 260, 262
265, 366, 257
266, 739, 251
268, 245, 247
270, 298, 271
273, 299, 274
276, 743, 277
274, 303, 279
280, 744, 281
271, 306, 283
284, 349, 285
287, 350, 288
290, 351, 291
293, 352, 294
296, 353, 290
297, 354, 284
298, 269, 247
299, 267, 251
300, 745, 301
251, 253, 303
248, 250, 304
247, 246, 306
307, 297, 286
309, 296, 292
295, 294, 311
292, 291, 313
314, 746, 315
286, 285, 317
318, 333, 319
321, 747, 322
324, 339, 325
327, 341, 328
330, 324, 326
332, 343, 333
333, 344, 334
335, 345, 336
338, 346, 339
340, 347, 341
342, 338, 324
343, 348, 344
308, 317, 334
316, 315, 345
310, 313, 346
312, 311, 347
342, 309, 310
348, 307, 308
272, 283, 349
280, 282, 350
275, 279, 351
293, 278, 277
353, 273, 275
354, 270, 272
355, 385, 356
358, 384, 359
361, 383, 362
359, 382, 364
365, 381, 366
356, 379, 367
368, 332, 318
331, 326, 370
329, 328, 372
326, 325, 374
375, 748, 376
369, 318, 320
369, 378, 379
380, 749, 381
370, 374, 382
373, 372, 383
384, 371, 370
385, 368, 369
386, 750, 387
389, 751, 390
392, 752, 393
395, 753, 396
398, 754, 399
401, 755, 402
404, 417, 405
407, 419, 408
410, 421, 411
413, 422, 414
416, 440, 417
418, 439, 419
420, 756, 421
422, 436, 423
424, 456, 425
427, 455, 428
430, 454, 431
433, 453, 434
435, 434, 423
430, 432, 437
418, 427, 429
426, 425, 440
441, 458, 442
444, 459, 445
447, 462, 448
450, 464, 451
452, 451, 453
449, 448, 431
455, 444, 446
424, 443, 442
441, 757, 457
459, 468, 460
461, 758, 462
463, 474, 464
465, 490, 466
468, 489, 469
470, 488, 471
473, 487, 474
475, 510, 476
478, 509, 479
481, 508, 482
484, 507, 485
486, 485, 487
488, 483, 482
489, 478, 480
477, 476, 466
491, 503, 492
494, 504, 495
497, 505, 498
500, 506, 501
397, 396, 503
504, 392, 394
391, 390, 505
388, 387, 506
502, 501, 507
481, 499, 498
509, 494, 496
493, 492, 510
511, 759, 512
514, 760, 515
517, 761, 518
520, 527, 521
523, 529, 524
526, 762, 521
528, 763, 524
530, 534, 531
530, 536, 533
535, 764, 533
537, 765, 538
540, 544, 541
543, 546, 544
545, 548, 546
547, 549, 548
517, 519, 549
550, 766, 551
553, 767, 554
556, 559, 557
559, 562, 560
561, 768, 560
563, 566, 564
566, 568, 567
568, 570, 569
570, 572, 571
572, 513, 512
573, 642, 574
575, 574, 576
578, 769, 579
580, 579, 581
582, 581, 583
584, 583, 585
586, 585, 587
587, 590, 589
590, 592, 591
592, 770, 593
594, 597, 595
597, 599, 598
599, 601, 600
601, 603, 602
603, 605, 604
605, 607, 606
607, 609, 608
609, 771, 610
611, 614, 612
614, 616, 615
616, 618, 617
618, 620, 619
620, 772, 621
621, 772, 622
623, 622, 624
625, 624, 626
628, 773, 629
630, 629, 631
632, 631, 633
634, 633, 635
639, 774, 775
775, 776, 777
777, 778, 779
779, 780, 777
781, 782, 783
784, 785, 783
783, 786, 787
787, 788, 637
637, 789, 790
790, 791, 637
792, 793, 638
794, 795, 638
638, 796, 797
798, 799, 797
797, 800, 639
801, 802, 639
639, 775, 777
777, 780, 781
782, 784, 783
783, 787, 781
637, 791, 792
793, 794, 638
796, 798, 797
800, 801, 639
639, 777, 781
781, 787, 637
637, 792, 638
638, 797, 639
639, 781, 637
636, 635, 640
641, 640, 642
645, 803, 804
804, 805, 645
806, 807, 808
808, 809, 810
810, 811, 812
812, 813, 810
814, 815, 816
816, 817, 814
643, 818, 819
819, 820, 821
821, 822, 644
823, 824, 644
644, 825, 826
827, 828, 826
826, 829, 645
830, 831, 645
645, 805, 806
806, 808, 645
810, 813, 814
814, 817, 643
643, 819, 644
822, 823, 644
825, 827, 826
829, 830, 645
645, 808, 810
810, 814, 645
819, 821, 644
644, 826, 645
645, 814, 643
