# Project Zomboid Skinned Mesh
# File Version:
1.0
# Model Name:
weapons_shotgun
# Vertex Stride Element Count:
3
# Vertex Stride Size (in bytes):
76
# Vertex Stride Data:
# (Int)    Offset
# (String) Type
0
VertexArray
12
NormalArray
24
TextureCoordArray
# Vertex Count:
245
# Vertex Buffer:
-0.01458135, 0.05980238, -0.03639017
-0.70708334, 0.0, -0.70708334
0.30302751, 0.08850777
-0.00114705, 0.05980238, -0.03639016
-0.44718772, 0.0, -0.89440596
0.30302751, 0.08850777
-0.00114705, 0.02949946, -0.03639017
-0.36759543, -0.40916166, -0.83510852
0.23179248, 0.08850753
-0.01458135, 0.02949946, 0.0124932
-0.62016666, -0.34513381, 0.70442826
0.2317926, 0.20342124
-0.00114705, 0.02949946, 0.01249321
-0.36759543, -0.40916166, 0.83510852
0.2317926, 0.20342124
-0.00114705, 0.05980238, 0.01249322
-0.66652423, -0.45451215, 0.59086889
0.30302751, 0.20342124
-0.01458135, 0.02949946, -0.03639017
-0.62016666, -0.34513381, -0.70442826
0.23179248, 0.08850753
-0.01458135, 0.09909375, 0.0276954
-0.8537553, 0.24542986, 0.45918149
0.39539254, 0.23915797
-0.01458135, 0.07753827, 0.0276954
-0.97418135, -0.09506515, 0.20474868
0.34472066, 0.23915797
-0.01186506, 0.07692391, 0.03503884
-0.98956269, -0.04782251, 0.1358684
0.34327632, 0.25642079
-0.01458135, 0.05980238, 0.0124932
-0.86803794, -0.28550065, 0.40614033
0.30302751, 0.20342124
-0.01458135, 0.07753827, -0.03639017
-0.70708334, 0.0, -0.70708334
0.34472066, 0.08850777
-0.00114705, 0.07753827, -0.03639015
-0.44718772, 0.0, -0.89440596
0.34472066, 0.08850777
-0.01186506, 0.0935923, 0.04196221
-0.67717522, 0.65092927, 0.34305856
0.38245994, 0.2726959
-0.00114705, 0.09365946, 0.04196226
-0.43903929, 0.82573932, 0.35407576
0.38261771, 0.2726959
-0.01458134, 0.15523839, -0.03639017
-0.70708334, 0.0, -0.70708334
0.5273754, 0.08850789
-0.00114705, 0.15523839, -0.03639015
-0.44718772, 0.0, -0.89440596
0.5273754, 0.08850789
-0.01458134, 0.18268681, -0.03639017
-0.57734919, 0.57734919, -0.57734919
0.59190017, 0.08850789
-0.01458134, 0.18268681, 0.01967201
-0.74040955, 0.66533405, -0.09524827
0.59190017, 0.2202971
-0.00114705, 0.18268681, 0.01967206
-0.48246711, 0.86706138, -0.12411878
0.59190017, 0.2202971
-0.01458134, 0.15523839, 0.0276954
-0.86962491, -0.29609057, 0.39503157
0.5273754, 0.23915815
-0.01458136, 0.15692495, 0.03346518
-0.57734919, -0.39216286, 0.71611685
0.53134, 0.25272149
-0.01458136, 0.18437335, 0.0254418
-0.57734919, 0.71611685, 0.39216286
0.59586483, 0.23386037
-0.00114705, 0.18268681, -0.03639014
-0.33332315, 0.6666463, -0.6666463
0.59190017, 0.08850789
-0.00114705, 0.01725326, -0.02059988
-0.38526565, -0.873043, -0.29886776
0.20300466, 0.1256268
-0.01458135, 0.01725326, -0.02059989
-0.64094973, -0.72618794, -0.24857326
0.20300466, 0.1256268
-0.01458135, 0.01725326, -0.00329708
-0.64094973, -0.72618794, 0.24857326
0.20300466, 0.16630191
-0.01344877, 0.15923901, 0.03278877
-0.31388286, -0.0397351, 0.94860685
0.53678, 0.25113147
-0.00114705, 0.18437335, 0.02544186
-0.33332315, 0.82692951, 0.45283365
0.59586483, 0.23386037
-0.00114705, 0.15523839, 0.02769544
-0.66090882, -0.45008698, 0.60048217
0.5273754, 0.23915815
-0.00114705, 0.15692495, 0.03346524
-0.33332315, -0.45283365, 0.82692951
0.53134, 0.25272149
-0.01344876, 0.18205929, 0.02611823
-0.2893765, 0.54133731, 0.78942227
0.59042507, 0.23545045
-0.01344892, 0.16919415, 0.07406913
-0.7084567, -0.68706322, 0.16132084
0.56018239, 0.34817201
-0.00114705, 0.18205929, 0.02611829
-0.7156285, 0.60466325, 0.34962004
0.59042507, 0.23545074
-0.00114705, 0.15923901, 0.03278881
0.331431, -0.47276223, 0.81646168
0.53678, 0.25113147
-0.01344921, 0.18261074, 0.13278261
-0.56428725, -0.33942688, 0.75255591
0.62509996, 0.48619366
-0.01344921, 0.20416416, 0.12104468
-0.59324932, 0.73348188, 0.33167517
0.67576683, 0.4586004
-0.01344892, 0.19201443, 0.06739859
-0.70552689, 0.690054, -0.16132084
0.61382741, 0.33249092
-0.00114704, 0.19201443, 0.06739865
-0.44563127, 0.87170017, -0.2038026
0.61382741, 0.33249092
-0.00114705, 0.16919413, 0.07406918
-0.44856104, -0.87005216, 0.2042909
0.56018239, 0.34817201
-0.00114704, 0.18261074, 0.13278267
-0.32337412, -0.38904995, 0.86257517
0.62509996, 0.48619366
-0.00114704, 0.20416416, 0.12104474
-0.34574419, 0.85494554, 0.38660848
0.67576683, 0.4586004
-0.00114703, 0.31852761, -0.00250624
0.0, -0.80718404, 0.59025848
0.91123009, 0.16816121
-0.01165212, 0.31852761, -0.00699946
-0.43391216, -0.85421306, 0.28635517
0.91123009, 0.15759861
-0.01165213, 0.18753238, -0.00699946
-0.43391216, 0.85421306, 0.28635517
0.60329115, 0.15759861
-0.01165212, 0.31852761, -0.01598583
-0.43391216, -0.85421306, -0.28635517
0.91123009, 0.13647389
-0.00114703, 0.31852761, -0.02047899
0.0, -0.80718404, -0.59025848
0.91123009, 0.12591141
-0.00114705, 0.18753238, -0.02047898
0.0, 0.80718404, -0.59025848
0.60329115, 0.12591118
-0.01165213, 0.18753238, -0.01598583
-0.43391216, 0.85421306, -0.28635517
0.60329115, 0.13647372
-0.00114705, 0.18753238, -0.02605327
0.0, 0.61543626, -0.78814054
0.60329115, 0.11280727
-0.01491031, 0.18753238, -0.01877299
-0.6805017, 0.60731834, -0.40989411
0.60329115, 0.12992162
-0.01491031, 0.18753238, -0.00421231
-0.6805017, 0.60731834, 0.40986359
0.60329115, 0.16415048
-0.00114705, 0.18753238, 0.00306809
0.0, 0.61543626, 0.78814054
0.60329115, 0.181265
-0.00114705, 0.18060848, -0.02605326
0.0, 0.0, -1.0
0.5870145, 0.11280727
-0.01491031, 0.18060848, -0.01877299
-0.85659355, 0.0, -0.51594591
0.5870145, 0.12992162
-0.01491031, 0.18060848, -0.00421231
-0.85659355, 0.0, 0.51594591
0.5870145, 0.16415048
-0.00114705, 0.18060848, 0.00306809
0.0, 0.0, 1.0
0.5870145, 0.181265
-0.01295701, 0.31852761, -0.01710208
0.0, -1.0, 0.0
0.91123009, 0.13384968
-0.01295701, 0.31852761, -0.00588321
0.0, -1.0, 0.0
0.91123009, 0.16022265
-0.00114703, 0.31852761, -0.00027373
0.0, -1.0, 0.0
0.91123009, 0.17340922
0.00815087, 0.31796131, -0.00287936
0.51460308, -0.68520159, 0.51542711
0.0, 1.0
0.00977779, 0.37358144, -0.00489315
0.6052736, 0.68605608, 0.4036378
0.0, 1.0
0.00815087, 0.37358379, -0.00291072
0.51478624, 0.68614763, 0.51399273
0.0, 1.0
-0.00114703, 0.31732711, -0.02087811
0.0, 0.61650443, 0.7873165
0.90840816, 0.12497312
-0.00810913, 0.31732711, -0.02449801
-0.67937255, 0.60683006, 0.41248816
0.90840816, 0.11646348
-0.00810914, 0.17416063, -0.02449801
-0.91692859, 0.0, 0.39896849
0.57185709, 0.11646348
-0.00810913, 0.29587293, -0.03173769
-0.8908658, -0.12082278, -0.43781853
0.87975562, 0.09944487
-0.00676949, 0.30516422, -0.04799075
-0.84005249, -0.32258064, -0.43614003
0.8798157, 0.06123745
-0.00114703, 0.3051492, -0.05417781
0.03399762, -0.51841789, -0.85442668
0.87978065, 0.04669327
-0.00810913, 0.31732711, -0.03173769
-0.71550643, 0.69795829, -0.02935881
0.90840816, 0.09944487
-0.00114703, 0.31732711, -0.03535748
0.0, 1.0, 0.0
0.90840816, 0.09093547
-0.00114705, 0.01725326, -0.01863165
-0.44718772, -0.89440596, 0.0
0.20300466, 0.13025385
-0.01305318, 0.01725326, -0.01863167
-0.30149236, -0.90450758, -0.30149236
0.20300466, 0.13025385
-0.01305318, 0.01725326, -0.0052653
-0.30149236, -0.90450758, 0.30149236
0.20300466, 0.16167486
-0.00114705, 0.01725326, -0.00526527
-0.44718772, 0.0, 0.89440596
0.20300466, 0.16167486
-0.00114705, 0.00961685, -0.01863164
-0.44718772, 0.0, -0.89440596
0.18505308, 0.13025385
-0.01305318, 0.00961685, -0.01863167
-0.30149236, 0.90450758, -0.30149236
0.18505308, 0.13025385
-0.01305318, 0.00961685, -0.0052653
-0.30149236, 0.90450758, 0.30149236
0.18505308, 0.16167486
-0.00114705, 0.00961685, -0.02584529
-0.33335367, 0.6666463, -0.6666463
0.18505308, 0.11329627
-0.01947876, 0.00961685, -0.02584534
-0.57734919, 0.57734919, -0.57734919
0.18505308, 0.11329603
-0.00114705, 0.00961685, -0.00526527
-0.21820734, 0.43641469, 0.8728599
0.18505308, 0.16167486
-0.01947876, 0.00961685, 0.00194836
-0.58299506, 0.60359508, 0.54380929
0.18505308, 0.17863268
-0.00114706, -0.10061, -0.02584527
-0.47248757, 0.0, -0.8813135
0.08412626, 0.11329627
-0.01947876, -0.10061, -0.02584534
-0.62709433, 0.58110297, -0.5186621
0.08412626, 0.11329603
-0.00114705, 0.00961685, 0.00194842
-0.33768731, 0.69924009, 0.63005465
0.18505308, 0.17863268
-0.01947876, -0.1051423, 0.01393605
-0.48356578, 0.61601609, 0.62181461
0.1351881, 0.17863268
0.01198253, 0.31795019, -0.01212979
0.72786647, -0.68568987, 0.00076296
0.0, 1.0
0.01173116, 0.37356964, -0.01471335
0.71385843, 0.68553728, -0.1427961
0.0, 1.0
0.01198253, 0.37357271, -0.01216116
0.72786647, 0.68568987, -0.00076296
0.0, 1.0
0.00815087, 0.31793907, -0.02138023
0.51475573, -0.68614763, -0.51396221
0.0, 1.0
0.00616845, 0.37355968, -0.02303852
0.4042787, 0.68517107, -0.60585344
0.0, 1.0
0.00815087, 0.37356162, -0.0214116
0.51457256, 0.6852321, -0.51536608
0.0, 1.0
0.01173116, 0.31794715, -0.01468198
0.71395004, -0.6857509, -0.14120914
0.0, 1.0
0.01098671, 0.37356672, -0.01716745
0.67238379, 0.68544573, -0.2793054
0.0, 1.0
-0.00114705, 0.09916091, 0.02769542
-0.64213997, 0.43275246, 0.63270974
0.39555055, 0.23915815
-0.01183425, 0.04717042, 0.09059842
-0.69505906, -0.37107456, 0.61574143
0.27333307, 0.38702816
-0.01183425, 0.06587509, 0.10057621
-0.57542652, 0.25467697, 0.77715385
0.3173033, 0.41048372
-0.01186506, 0.0640751, 0.02859266
-0.77477342, -0.63222146, 0.00222785
0.31307188, 0.24126726
-0.00114705, 0.0640751, 0.02859269
-0.57109284, -0.80996126, -0.13336588
0.31307188, 0.24126738
-0.01183425, 0.03045267, 0.07926515
-0.5777154, -0.80080569, 0.15790276
0.2340335, 0.36038619
-0.00114705, 0.03045267, 0.07926519
-0.33371991, -0.92486346, 0.18228705
0.2340335, 0.36038619
-0.00114705, 0.04717041, 0.09059846
-0.43537706, -0.46449172, 0.77114171
0.27333307, 0.38702816
-0.00114705, 0.06594224, 0.10057628
-0.33188879, 0.29895931, 0.89468062
0.31746113, 0.41048384
-0.00810914, 0.16489509, -0.03173769
-0.84554583, 0.0, -0.53386027
0.57185709, 0.09944463
-0.00114703, 0.3051492, -0.03535747
0.45005646, -0.75389874, -0.47859126
0.87978089, 0.09093547
-0.00676949, 0.31735283, -0.04799075
-0.70134586, 0.64415419, -0.30518508
0.90846837, 0.06123769
-0.00114703, 0.31732711, -0.05417781
0.0, 0.57206947, -0.82018495
0.90840793, 0.04669327
-0.01155955, 0.07748064, -0.03326265
-0.0995819, 0.11188085, 0.98870814
0.36636627, 0.09585983
-0.00114705, 0.08674618, -0.03326262
-0.0089114, 0.03878903, 0.99920654
0.36636627, 0.09585983
-0.00114704, 0.20040877, -0.03326263
0.0, 0.0, 1.0
0.6335603, 0.09585983
-0.01393031, 0.37356964, -0.01471333
-0.71385843, 0.68553728, -0.1427961
0.0, 1.0
-0.01418168, 0.31795019, -0.01212978
-0.72786647, -0.68568987, 0.00076296
0.0, 1.0
-0.01418168, 0.37357271, -0.01216114
-0.72786647, 0.68568987, -0.00079348
0.0, 1.0
-0.01318586, 0.37356672, -0.01716745
-0.6724143, 0.68544573, -0.27924436
0.0, 1.0
-0.01393031, 0.31794715, -0.01468196
-0.71395004, -0.68578142, -0.14120914
0.0, 1.0
-0.01380352, 0.05931571, -0.03077879
-0.02880947, 0.10330515, 0.99420148
0.30188358, 0.10169876
-0.01634226, 0.17538394, -0.03634687
-0.51579332, -0.64241463, -0.56672871
0.60441774, 0.0886097
-0.00114704, 0.17874618, -0.03634682
-0.35917234, -0.57936341, -0.73162025
0.60441774, 0.0886097
-0.00114704, 0.17874618, 0.01407712
-0.2412183, -0.61058384, 0.75426495
0.60441774, 0.2071445
-0.01634225, 0.29407853, -0.03634687
-0.68141729, 0.37629321, -0.6277352
0.87553728, 0.0886097
-0.00114703, 0.30334407, -0.03634682
-0.42207098, 0.72072512, -0.54988253
0.87553728, 0.08860993
-0.01634225, 0.30334407, 0.00039515
-0.57029939, 0.67390972, 0.46961883
0.87553763, 0.17498159
-0.00114703, 0.30334407, 0.00039519
-0.36787012, 0.74629962, 0.55464339
0.87553763, 0.17498159
-0.01634226, 0.17538394, 0.01407709
-0.51301616, -0.61583298, 0.59791863
0.60441774, 0.2071445
-0.00114705, 0.01725326, -0.00329706
-0.38526565, -0.873043, 0.29886776
0.20300466, 0.16630191
0.01228724, 0.05980238, -0.03639017
0.70708334, 0.0, -0.70708334
0.30302751, 0.08850753
-0.00114705, 0.07753827, 0.02769542
-1.0, 0.0, 0.0
0.34472066, 0.23915797
0.01228724, 0.02949946, 0.0124932
0.62016666, -0.34513381, 0.70442826
0.2317926, 0.20342094
0.01228724, 0.02949946, -0.03639017
0.62016666, -0.34513381, -0.70442826
0.23179248, 0.08850753
0.01228724, 0.09909375, 0.0276954
0.8537553, 0.24542986, 0.45918149
0.39539254, 0.23915797
0.00957096, 0.0935923, 0.04196221
0.67717522, 0.65092927, 0.34305856
0.38245994, 0.27269572
0.00957095, 0.07692391, 0.03503884
0.98956269, -0.04782251, 0.1358684
0.34327632, 0.25642055
0.01228724, 0.07753827, -0.03639017
0.70708334, 0.0, -0.70708334
0.34472066, 0.08850753
0.01228724, 0.07753827, 0.0276954
0.97418135, -0.09506515, 0.20474868
0.34472066, 0.23915797
0.01228724, 0.15523839, -0.03639017
0.70708334, 0.0, -0.70708334
0.5273754, 0.08850777
0.01228724, 0.15523839, 0.0276954
0.86962491, -0.29609057, 0.39503157
0.5273754, 0.23915797
0.01228724, 0.18268681, -0.03639017
0.57734919, 0.57734919, -0.57734919
0.59190017, 0.08850777
0.01228724, 0.18268681, 0.01967202
0.74040955, 0.66533405, -0.09524827
0.59190017, 0.2202968
0.01228726, 0.18437335, 0.02544181
0.57734919, 0.71611685, 0.39216286
0.59586483, 0.23386037
0.01228726, 0.15692495, 0.03346519
0.57734919, -0.39216286, 0.71611685
0.53134, 0.25272149
0.01228724, 0.01725326, -0.02059989
0.64094973, -0.72618794, -0.24857326
0.20300466, 0.1256268
0.01228724, 0.01725326, -0.00329707
0.64094973, -0.72618794, 0.24857326
0.20300466, 0.16630167
0.01115467, 0.18205929, 0.02611823
0.2893765, 0.54133731, 0.78942227
0.59042507, 0.23545045
0.01115467, 0.15923901, 0.03278878
0.31388286, -0.0397351, 0.94860685
0.53678, 0.25113106
0.01115484, 0.19201443, 0.0673986
0.70552689, 0.690054, -0.16132084
0.61382741, 0.33249092
0.01115483, 0.16919413, 0.07406913
0.7084567, -0.68706322, 0.16132084
0.56018239, 0.34817171
0.01115512, 0.20416416, 0.1210447
0.59324932, 0.73348188, 0.33167517
0.67576683, 0.4586004
0.01115512, 0.18261074, 0.13278262
0.56428725, -0.33942688, 0.75255591
0.62509996, 0.48619366
0.00935803, 0.18753238, -0.00699945
0.43391216, 0.85421306, 0.28635517
0.60329115, 0.15759844
0.00935805, 0.31852761, -0.00699945
0.43391216, -0.85421306, 0.28635517
0.91123009, 0.15759861
0.00935805, 0.31852761, -0.01598582
0.43391216, -0.85421306, -0.28635517
0.91123009, 0.13647372
0.00935803, 0.18753238, -0.01598582
0.43391216, 0.85421306, -0.28635517
0.60329115, 0.13647372
0.01261622, 0.18753238, -0.01877298
0.6805017, 0.60731834, -0.40989411
0.60329115, 0.12992162
0.01261622, 0.18753238, -0.0042123
0.6805017, 0.60731834, 0.40989411
0.60329115, 0.16415048
0.01261622, 0.18060848, -0.01877298
0.85659355, 0.0, -0.51594591
0.5870145, 0.12992162
0.01261622, 0.18060848, -0.0042123
0.85659355, 0.0, 0.51594591
0.5870145, 0.16415048
-0.00114703, 0.31852761, -0.02271147
0.0, -1.0, 0.0
0.91123009, 0.12066334
0.01066294, 0.31852761, -0.01710207
0.0, -1.0, 0.0
0.91123009, 0.13384968
0.01066294, 0.31852761, -0.0058832
0.0, -1.0, 0.0
0.91123009, 0.16022265
0.00616845, 0.31796324, -0.00125244
0.40430921, -0.68514055, 0.60585344
0.0, 1.0
0.00616845, 0.37358573, -0.00128381
0.4044618, 0.68614763, 0.60460222
0.0, 1.0
0.00390673, 0.31796467, -4.352e-05
0.27848139, -0.68507951, 0.67308575
0.0, 1.0
0.00390673, 0.37358722, -7.489e-05
0.27860346, 0.6862697, 0.67183447
0.0, 1.0
-0.00114705, 0.17416063, -0.0208781
0.0, 0.0, 1.0
0.57185709, 0.12497312
0.00581504, 0.17416063, -0.024498
0.85476243, 0.0, 0.51896727
0.57185709, 0.11646348
0.00581506, 0.31732711, -0.024498
0.67937255, 0.60683006, 0.41248816
0.90840816, 0.11646348
0.00447541, 0.30516422, -0.04799075
0.70528275, -0.63924068, -0.30640584
0.8798157, 0.06123745
0.00581506, 0.30513847, -0.03173768
0.94772178, -0.17609181, -0.26599932
0.87975562, 0.09944487
0.00581504, 0.17416063, -0.03173768
0.85476243, 0.0, -0.51896727
0.57185709, 0.09944463
0.00581506, 0.31732711, -0.03173768
0.71550643, 0.69795829, -0.02935881
0.90840816, 0.09944487
0.01075906, 0.01725326, -0.01863166
0.30149236, -0.90450758, -0.30149236
0.20300466, 0.13025355
0.01075906, 0.01725326, -0.00526529
0.30149236, -0.90450758, 0.30149236
0.20300466, 0.16167486
0.01075906, 0.00961685, -0.01863166
0.30149236, 0.90450758, -0.30149236
0.18505308, 0.13025355
0.01075906, 0.00961685, -0.00526529
0.30149236, 0.90450758, 0.30149236
0.18505308, 0.16167486
-0.00114706, -0.1051423, 0.01393611
-0.39561144, 0.09540086, 0.91341901
0.1351881, 0.17863268
0.01718464, 0.00961685, -0.02584534
0.57734919, 0.57734919, -0.57734919
0.18505308, 0.11329591
0.01718464, 0.00961685, 0.00194836
0.58299506, 0.60359508, 0.54380929
0.18505308, 0.17863268
0.01718463, -0.10061, -0.02584534
0.58354443, -0.54072696, -0.60585344
0.08412626, 0.11329591
0.01718463, -0.1051423, 0.01393605
0.56675923, -0.58528399, 0.57982117
0.1351881, 0.17863268
0.01173116, 0.31795326, -0.00957761
0.71385843, -0.6855678, 0.14276558
0.0, 1.0
0.01173116, 0.37357578, -0.00960897
0.71391952, 0.68581194, 0.14120914
0.0, 1.0
0.00390673, 0.31793571, -0.02421606
0.27860346, -0.6862697, -0.67183447
0.0, 1.0
0.00145262, 0.37355733, -0.02499187
0.14194159, 0.68501848, -0.71452987
0.0, 1.0
0.00390673, 0.37355822, -0.02424743
0.27848139, 0.68511003, -0.67305523
0.0, 1.0
0.00977779, 0.31794149, -0.01939781
0.60530412, -0.68596452, -0.40372935
0.0, 1.0
0.00977779, 0.373564, -0.01942918
0.6050905, 0.68532366, -0.40516374
0.0, 1.0
0.00954014, 0.06587509, 0.10057622
0.57542652, 0.25467697, 0.77715385
0.3173033, 0.41048372
0.00954014, 0.04717042, 0.09059843
0.69505906, -0.37107456, 0.61574143
0.27333307, 0.38702816
-0.00114705, 0.07692391, 0.03503889
-1.0, 0.0, 0.0
0.34327632, 0.25642079
0.00957095, 0.0640751, 0.02859267
0.77477342, -0.63222146, 0.00222785
0.31307188, 0.24126726
0.01228724, 0.05980238, 0.0124932
0.86803794, -0.28550065, 0.40614033
0.30302751, 0.20342124
0.00954014, 0.03045267, 0.07926517
0.5777154, -0.80080569, 0.15790276
0.2340335, 0.36038619
-0.00114705, 0.17416063, -0.03535747
-0.11185034, 0.0, -0.9937132
0.57185709, 0.09093547
0.00447541, 0.31735283, -0.04799075
0.70134586, 0.64415419, -0.30518508
0.90846837, 0.06123745
0.00926544, 0.08674617, -0.03326264
0.0, 0.04626606, 0.99890131
0.36636627, 0.09585965
0.00145262, 0.31793481, -0.0249605
0.14203314, -0.68633074, -0.71324807
0.0, 1.0
-0.00109958, 0.37355703, -0.02524325
0.0, 0.685049, -0.72847682
0.0, 1.0
-0.01197694, 0.373564, -0.01942918
-0.6050905, 0.68532366, -0.40516374
0.0, 1.0
-0.01318586, 0.31794417, -0.01713609
-0.67253637, -0.68593401, -0.27777946
0.0, 1.0
-0.01035002, 0.37356162, -0.02141158
-0.51457256, 0.6852321, -0.51536608
0.0, 1.0
-0.01197694, 0.31794149, -0.01939781
-0.60530412, -0.68596452, -0.40372935
0.0, 1.0
-0.00114705, 0.05931571, -0.03077874
0.0, 0.09018219, 0.99591053
0.30188358, 0.10169876
0.0115094, 0.05931571, -0.03077878
0.0, 0.09018219, 0.99591053
0.30188358, 0.10169858
0.01404817, 0.17227621, -0.03634686
0.46250802, -0.70079654, -0.54304636
0.60441774, 0.08860952
0.01404818, 0.29407853, -0.03634686
0.68141729, 0.37629321, -0.6277352
0.87553728, 0.0886097
0.01404817, 0.18154176, 0.0140771
0.61769462, -0.42576373, 0.66118354
0.60441774, 0.2071445
-0.00114705, 0.18753238, -0.00250623
0.0, 0.80718404, 0.59025848
0.60329115, 0.16816097
0.00145262, 0.31796557, 0.00070093
0.14194159, -0.68501848, 0.71452987
0.0, 1.0
0.00145262, 0.37358809, 0.00066956
0.14206366, 0.68642229, 0.71315652
0.0, 1.0
0.01098671, 0.31795621, -0.00712348
0.6724143, -0.68544573, 0.2793054
0.0, 1.0
0.01098671, 0.37357873, -0.00715485
0.67253637, 0.68593401, 0.27774894
0.0, 1.0
-0.01155954, 0.19114323, -0.03326265
0.0, 0.0, 1.0
0.6335603, 0.09585983
-0.00836761, 0.37355968, -0.02303852
-0.4042787, 0.68517107, -0.60585344
0.0, 1.0
-0.01035002, 0.31793907, -0.02138022
-0.51478624, -0.68614763, -0.51396221
0.0, 1.0
-0.00610588, 0.37355822, -0.02424743
-0.27848139, 0.68511003, -0.67308575
0.0, 1.0
-0.00836761, 0.31793714, -0.02300715
-0.40443128, -0.68617815, -0.60460222
0.0, 1.0
-0.00109957, 0.31796587, 0.00095231
0.0, -0.68507951, 0.7284463
0.0, 1.0
-0.00109957, 0.37358838, 0.00092094
0.0, 0.68630022, 0.72728658
0.0, 1.0
0.00977779, 0.31795889, -0.00486178
0.60512102, -0.68535417, 0.4051027
0.0, 1.0
0.01098671, 0.31794417, -0.01713609
0.67253637, -0.68593401, -0.27777946
0.0, 1.0
-0.00114706, -0.10061, -0.02584527
-0.47248757, 0.0, -0.8813135
0.0, 1.0
0.01718463, -0.1051423, 0.01393605
0.56675923, -0.58528399, 0.57982117
0.0, 1.0
-0.00114706, -0.1051423, 0.01393611
-0.39561144, 0.09540086, 0.91341901
0.0, 1.0
0.00616845, 0.31793714, -0.02300715
0.4044618, -0.68620867, -0.60454118
0.0, 1.0
0.00926545, 0.20040876, -0.03326264
0.0, 0.0, 1.0
0.6335603, 0.09585983
-0.00365177, 0.37355733, -0.02499187
-0.14194159, 0.685049, -0.71449935
0.0, 1.0
-0.00610588, 0.31793571, -0.02421606
-0.27860346, -0.6862697, -0.67183447
0.0, 1.0
-0.00365177, 0.31793481, -0.0249605
-0.14203314, -0.68633074, -0.71324807
0.0, 1.0
0.01404818, 0.30334407, 0.00039516
0.57054353, 0.67500842, 0.46772668
0.87553763, 0.17498159
-0.0139303, 0.31795326, -0.00957759
-0.71385843, -0.6855678, 0.1427961
0.0, 1.0
-0.0139303, 0.37357578, -0.00960895
-0.71391952, 0.68581194, 0.14117862
0.0, 1.0
-0.01318585, 0.31795621, -0.00712348
-0.6724143, -0.68544573, 0.2793054
0.0, 1.0
-0.01318585, 0.37357873, -0.00715485
-0.67253637, 0.68593401, 0.27777946
0.0, 1.0
-0.01197693, 0.31795889, -0.00486176
-0.6050905, -0.68538469, 0.40504166
0.0, 1.0
-0.01197693, 0.37358144, -0.00489313
-0.6052736, 0.68605608, 0.40366831
0.0, 1.0
-0.01035, 0.31796131, -0.00287934
-0.51457256, -0.68520159, 0.51542711
0.0, 1.0
-0.01035, 0.37358379, -0.0029107
-0.51478624, 0.68614763, 0.51399273
0.0, 1.0
-0.00836758, 0.31796324, -0.00125242
-0.40430921, -0.68514055, 0.60585344
0.0, 1.0
-0.00836758, 0.37358573, -0.00128379
-0.4044618, 0.68614763, 0.60460222
0.0, 1.0
-0.00610586, 0.31796467, -4.351e-05
-0.27848139, -0.68507951, 0.67308575
0.0, 1.0
-0.00610586, 0.37358722, -7.487e-05
-0.27860346, 0.68633074, 0.67177343
0.0, 1.0
-0.00365174, 0.31796557, 0.00070093
-0.14194159, -0.685049, 0.71449935
0.0, 1.0
-0.00365174, 0.37358809, 0.00066956
-0.14203314, 0.68633074, 0.71324807
0.0, 1.0
-0.00109958, 0.31793448, -0.02521188
0.0, -0.68633074, -0.72725606
0.0, 1.0
0.01718463, -0.10061, -0.02584534
0.58354443, -0.54072696, -0.60585344
0.0, 1.0
# Number of Faces:
473
# Face Data:
0, 1, 2
3, 4, 5
0, 6, 3
7, 8, 9
0, 10, 8
0, 11, 12
7, 13, 14
11, 8, 7
11, 15, 16
17, 18, 19
20, 21, 22
20, 18, 17
15, 17, 23
6, 2, 24
6, 25, 26
4, 3, 26
22, 21, 27
18, 22, 28
20, 29, 30
31, 27, 32
22, 31, 33
21, 30, 34
32, 35, 36
31, 37, 38
27, 34, 39
40, 41, 36
37, 36, 41
32, 39, 40
42, 43, 44
45, 46, 47
44, 43, 45
48, 47, 49
44, 48, 50
44, 51, 52
49, 53, 54
50, 54, 55
51, 55, 56
46, 45, 57
43, 58, 57
42, 59, 58
60, 61, 62
63, 64, 65
66, 67, 68
64, 69, 66
63, 70, 69
25, 24, 71
25, 72, 73
26, 73, 74
71, 75, 76
72, 76, 77
74, 73, 77
75, 78, 79
77, 76, 79
80, 77, 81
78, 82, 83
81, 79, 83
84, 81, 85
86, 87, 88
89, 90, 91
92, 93, 87
7, 94, 29
13, 9, 95
14, 13, 96
10, 97, 9
10, 5, 98
99, 100, 101
95, 101, 102
9, 97, 99
97, 98, 100
103, 66, 104
105, 106, 68
66, 69, 105
69, 70, 106
107, 108, 109
110, 111, 112
113, 114, 110
108, 107, 115
116, 117, 118
119, 120, 117
119, 121, 122
123, 118, 122
119, 116, 123
2, 24, 124
2, 1, 125
126, 12, 1
5, 4, 127
5, 1, 2
127, 128, 125
94, 29, 16
129, 130, 131
125, 132, 133
12, 132, 125
29, 19, 23
14, 130, 129
134, 135, 129
16, 134, 132
136, 23, 19
137, 138, 139
136, 137, 135
23, 136, 134
71, 74, 124
128, 140, 24
141, 140, 128
4, 124, 141
138, 142, 143
30, 28, 19
28, 138, 137
135, 139, 30
142, 144, 145
34, 33, 28
33, 142, 138
139, 143, 34
146, 147, 145
39, 38, 33
38, 144, 142
143, 145, 39
146, 41, 40
39, 40, 41
41, 146, 144
145, 147, 40
148, 149, 42
47, 46, 150
151, 150, 149
151, 152, 49
148, 153, 152
52, 153, 148
154, 53, 49
155, 154, 152
56, 155, 153
46, 156, 157
157, 158, 149
158, 59, 42
159, 62, 160
161, 160, 162
163, 164, 165
68, 166, 167
164, 168, 167
169, 70, 63
71, 75, 80
140, 170, 71
171, 170, 140
74, 171, 141
78, 84, 80
172, 75, 71
173, 172, 170
80, 173, 171
82, 174, 84
175, 78, 75
173, 176, 175
80, 84, 176
177, 82, 78
176, 178, 177
174, 178, 176
179, 88, 180
181, 182, 183
184, 91, 185
129, 135, 29
130, 186, 187
14, 102, 186
188, 14, 94
131, 189, 190
5, 98, 188
190, 189, 98
191, 187, 101
187, 186, 102
101, 102, 14
131, 187, 191
100, 101, 188
189, 191, 100
168, 192, 104
68, 106, 193
167, 166, 193
169, 193, 106
109, 108, 194
195, 196, 182
197, 198, 113
199, 200, 197
108, 201, 202
118, 117, 203
117, 120, 204
204, 120, 122
122, 118, 205
118, 122, 120
205, 203, 204
6, 0, 2
10, 3, 5
10, 0, 3
13, 7, 9
11, 0, 8
1, 0, 12
94, 7, 14
11, 7, 15
23, 17, 19
7, 20, 15
12, 11, 16
18, 20, 22
15, 20, 17
16, 15, 23
25, 6, 24
3, 6, 26
124, 4, 26
31, 22, 27
19, 18, 28
21, 20, 30
37, 31, 32
28, 22, 33
27, 21, 34
37, 32, 36
33, 31, 38
32, 27, 39
35, 40, 36
38, 37, 41
35, 32, 40
206, 42, 44
48, 45, 47
48, 44, 45
50, 48, 49
51, 44, 50
206, 44, 52
50, 49, 54
51, 50, 55
52, 51, 56
156, 46, 57
45, 43, 57
43, 42, 58
207, 162, 208
163, 63, 65
104, 66, 68
66, 103, 65
64, 63, 69
65, 64, 66
72, 25, 71
26, 25, 73
124, 26, 74
72, 71, 76
73, 72, 77
80, 74, 77
76, 75, 79
81, 77, 79
84, 80, 81
79, 78, 83
85, 81, 83
174, 84, 85
209, 180, 210
20, 7, 29
96, 13, 95
102, 14, 96
8, 10, 9
97, 10, 98
95, 99, 101
96, 95, 102
95, 9, 99
99, 97, 100
192, 103, 104
67, 105, 68
67, 66, 105
105, 69, 106
211, 107, 109
212, 213, 199
214, 215, 212
201, 108, 115
123, 116, 118
116, 119, 117
120, 119, 122
121, 123, 122
121, 119, 123
4, 2, 124
128, 2, 125
5, 126, 1
190, 5, 127
4, 5, 2
190, 127, 125
126, 94, 12
133, 129, 131
190, 125, 133
94, 16, 12
1, 12, 125
16, 29, 23
94, 14, 129
129, 133, 132
12, 16, 132
132, 134, 129
137, 136, 19
135, 137, 139
134, 136, 135
16, 23, 134
24, 71, 124
2, 128, 24
127, 141, 128
127, 4, 141
139, 138, 143
29, 30, 19
19, 28, 137
29, 135, 30
143, 142, 145
30, 34, 28
28, 33, 138
30, 139, 34
144, 146, 145
34, 39, 33
33, 38, 142
34, 143, 39
147, 146, 40
38, 39, 41
38, 41, 144
39, 145, 40
206, 148, 42
151, 47, 150
148, 151, 149
47, 151, 49
151, 148, 152
206, 52, 148
152, 154, 49
153, 155, 152
52, 56, 153
150, 46, 157
150, 157, 149
149, 158, 42
216, 208, 217
63, 163, 165
104, 68, 167
164, 167, 165
74, 71, 80
167, 169, 165
165, 169, 63
24, 140, 71
141, 171, 140
124, 74, 141
75, 78, 80
170, 172, 71
171, 173, 170
74, 80, 171
78, 82, 84
172, 175, 75
172, 173, 175
173, 80, 176
218, 210, 61
175, 177, 78
175, 176, 177
84, 174, 176
219, 185, 93
220, 221, 222
82, 85, 174
223, 183, 90
94, 129, 29
131, 130, 187
130, 14, 186
126, 188, 94
133, 131, 190
126, 5, 188
5, 190, 98
100, 191, 101
101, 187, 102
188, 101, 14
189, 131, 191
98, 100, 188
98, 189, 100
167, 168, 104
166, 68, 193
169, 167, 193
70, 169, 106
224, 109, 194
204, 203, 117
225, 226, 214
196, 227, 225
194, 108, 202
205, 118, 203
228, 204, 122
228, 122, 205
117, 118, 120
228, 205, 204
112, 229, 230
230, 231, 232
232, 233, 234
234, 235, 236
236, 237, 238
238, 239, 240
198, 219, 209
240, 241, 242
242, 216, 217
199, 236, 62
60, 218, 61
86, 92, 87
89, 223, 90
92, 219, 93
110, 114, 111
113, 198, 114
159, 60, 62
161, 159, 160
179, 86, 88
181, 195, 182
184, 89, 91
195, 243, 196
197, 200, 198
199, 213, 200
207, 161, 162
209, 179, 180
212, 215, 213
214, 226, 215
216, 207, 208
218, 209, 210
219, 184, 185
220, 244, 221
82, 83, 85
223, 181, 183
225, 227, 226
196, 243, 227
112, 111, 229
230, 229, 231
232, 231, 233
234, 233, 235
236, 235, 237
238, 237, 239
209, 218, 161
60, 159, 161
161, 207, 216
216, 241, 161
239, 237, 231
235, 233, 231
231, 229, 111
111, 114, 231
198, 200, 213
213, 215, 226
226, 227, 243
243, 195, 226
181, 223, 219
89, 184, 219
219, 92, 86
86, 179, 219
218, 60, 161
161, 241, 239
237, 235, 231
231, 114, 198
198, 213, 181
226, 195, 181
223, 89, 219
219, 179, 209
209, 161, 198
239, 231, 198
213, 226, 181
181, 219, 198
161, 239, 198
240, 239, 241
242, 241, 216
62, 61, 88
210, 180, 88
88, 87, 93
93, 185, 91
91, 90, 183
183, 182, 91
196, 225, 199
214, 212, 199
199, 197, 113
113, 110, 199
112, 230, 232
232, 234, 236
236, 238, 240
240, 242, 236
217, 208, 162
162, 160, 62
61, 210, 88
88, 93, 62
91, 182, 196
225, 214, 199
199, 110, 112
112, 232, 199
236, 242, 217
217, 162, 236
62, 93, 91
91, 196, 62
199, 232, 236
236, 162, 62
62, 196, 199
